1,-1,936.01,383.46,43.88,14.89,0.8824,-1,-1,-1
1,-1,787.78,143.49,50.77,43.17,0.7398,-1,-1,-1
2,-1,936.23,381.60,43.78,14.99,0.9123,-1,-1,-1
2,-1,787.75,138.91,50.54,44.86,0.8040,-1,-1,-1
3,-1,934.53,390.00,44.10,15.05,0.9081,-1,-1,-1
3,-1,788.66,145.53,49.74,44.15,0.6948,-1,-1,-1
4,-1,932.58,392.30,43.62,14.93,0.9036,-1,-1,-1
4,-1,784.77,147.18,47.40,43.76,0.6859,-1,-1,-1
4,-1,1016.69,334.82,7.31,18.99,0.2732,-1,-1,-1
4,-1,1016.69,334.73,7.31,19.11,0.2725,-1,-1,-1
5,-1,930.08,386.31,43.53,14.93,0.8966,-1,-1,-1
5,-1,978.10,0.06,45.90,36.34,0.7966,-1,-1,-1
5,-1,1013.61,327.82,10.39,17.53,0.4535,-1,-1,-1
5,-1,774.93,142.29,45.01,41.72,0.3873,-1,-1,-1
6,-1,927.40,379.45,43.79,15.01,0.9147,-1,-1,-1
6,-1,1009.84,319.97,14.16,17.21,0.8135,-1,-1,-1
6,-1,963.35,0.00,60.65,28.33,0.6594,-1,-1,-1
6,-1,763.70,137.57,41.96,38.60,0.6056,-1,-1,-1
7,-1,924.99,379.50,43.66,14.79,0.9169,-1,-1,-1
7,-1,1006.50,319.95,17.50,17.90,0.8544,-1,-1,-1
7,-1,757.28,137.40,39.87,33.02,0.7627,-1,-1,-1
7,-1,957.00,0.00,67.00,28.51,0.7311,-1,-1,-1
8,-1,922.68,379.16,43.18,14.65,0.9080,-1,-1,-1
8,-1,1004.10,319.77,19.90,18.07,0.8633,-1,-1,-1
8,-1,948.34,0.00,75.66,27.98,0.7607,-1,-1,-1
8,-1,751.46,137.18,37.54,32.94,0.5961,-1,-1,-1
8,-1,1002.75,74.29,21.25,77.10,0.4904,-1,-1,-1
9,-1,920.72,379.06,42.84,14.73,0.9099,-1,-1,-1
9,-1,1001.72,319.67,22.28,18.15,0.8700,-1,-1,-1
9,-1,745.62,137.05,35.01,31.58,0.7963,-1,-1,-1
9,-1,941.63,0.00,82.37,28.07,0.7065,-1,-1,-1
9,-1,994.04,63.24,29.96,100.36,0.6288,-1,-1,-1
10,-1,918.34,379.04,43.01,14.70,0.9098,-1,-1,-1
10,-1,998.91,319.57,25.09,18.11,0.8713,-1,-1,-1
10,-1,985.62,67.26,38.38,99.56,0.7809,-1,-1,-1
10,-1,932.99,0.00,91.01,28.06,0.7439,-1,-1,-1
10,-1,739.78,137.20,32.40,30.21,0.2582,-1,-1,-1
11,-1,916.27,378.96,43.11,14.95,0.9102,-1,-1,-1
11,-1,996.65,319.65,27.27,18.13,0.8811,-1,-1,-1
11,-1,927.91,0.00,95.68,27.82,0.7362,-1,-1,-1
11,-1,976.68,65.07,47.32,102.99,0.5643,-1,-1,-1
12,-1,913.49,379.08,43.41,14.96,0.9086,-1,-1,-1
12,-1,994.19,319.70,28.94,18.30,0.8736,-1,-1,-1
12,-1,921.75,0.06,89.68,28.25,0.7380,-1,-1,-1
12,-1,968.21,65.35,55.79,107.85,0.7068,-1,-1,-1
13,-1,911.79,379.56,43.14,14.90,0.9184,-1,-1,-1
13,-1,991.57,320.16,29.35,18.19,0.8810,-1,-1,-1
13,-1,959.76,64.59,64.24,105.20,0.8035,-1,-1,-1
13,-1,914.46,0.05,88.23,28.36,0.7127,-1,-1,-1
14,-1,909.38,379.96,43.01,14.96,0.9134,-1,-1,-1
14,-1,951.26,65.45,72.74,106.10,0.8910,-1,-1,-1
14,-1,989.72,320.76,29.68,18.11,0.8905,-1,-1,-1
14,-1,906.96,0.00,81.41,28.81,0.7408,-1,-1,-1
15,-1,907.26,380.35,43.02,14.88,0.9078,-1,-1,-1
15,-1,942.77,65.86,81.23,108.24,0.8834,-1,-1,-1
15,-1,987.03,321.09,30.10,18.24,0.8738,-1,-1,-1
15,-1,902.82,0.00,78.95,29.32,0.7342,-1,-1,-1
16,-1,934.17,66.20,89.83,108.41,0.9180,-1,-1,-1
16,-1,905.23,380.86,42.88,14.88,0.9112,-1,-1,-1
16,-1,984.82,321.53,29.76,18.42,0.8865,-1,-1,-1
16,-1,897.96,0.05,78.02,29.29,0.6959,-1,-1,-1
17,-1,925.91,66.03,98.07,109.68,0.9329,-1,-1,-1
17,-1,902.80,381.45,43.24,14.67,0.9009,-1,-1,-1
17,-1,982.30,322.19,29.99,18.54,0.8929,-1,-1,-1
17,-1,888.16,0.00,80.07,30.62,0.6437,-1,-1,-1
18,-1,917.39,67.46,106.61,108.71,0.9450,-1,-1,-1
18,-1,901.00,381.89,42.69,14.80,0.9038,-1,-1,-1
18,-1,979.97,322.75,29.94,18.59,0.8816,-1,-1,-1
18,-1,880.11,0.05,82.29,31.42,0.5270,-1,-1,-1
18,-1,880.12,0.00,107.52,34.49,0.2660,-1,-1,-1
19,-1,909.12,67.91,114.88,109.82,0.9464,-1,-1,-1
19,-1,898.40,382.21,42.78,14.87,0.8981,-1,-1,-1
19,-1,977.65,323.37,29.96,18.43,0.8913,-1,-1,-1
19,-1,874.59,0.03,74.56,31.55,0.7132,-1,-1,-1
20,-1,899.98,68.66,124.00,109.77,0.9490,-1,-1,-1
20,-1,974.99,323.95,30.12,18.52,0.8986,-1,-1,-1
20,-1,896.59,382.87,42.31,14.86,0.8916,-1,-1,-1
20,-1,865.09,0.00,71.74,32.88,0.7182,-1,-1,-1
21,-1,891.95,69.08,132.05,110.09,0.9539,-1,-1,-1
21,-1,973.02,324.40,29.54,18.52,0.8961,-1,-1,-1
21,-1,894.26,383.20,42.42,14.91,0.8917,-1,-1,-1
21,-1,861.09,0.00,67.21,33.52,0.6391,-1,-1,-1
22,-1,883.45,69.31,140.55,110.59,0.9550,-1,-1,-1
22,-1,892.13,383.68,41.95,14.92,0.8959,-1,-1,-1
22,-1,970.58,324.82,29.60,18.54,0.8930,-1,-1,-1
22,-1,855.18,0.00,61.10,33.23,0.7112,-1,-1,-1
23,-1,873.90,69.49,150.10,110.48,0.9554,-1,-1,-1
23,-1,889.43,383.87,42.39,15.06,0.8936,-1,-1,-1
23,-1,968.27,325.04,29.37,18.64,0.8903,-1,-1,-1
23,-1,848.49,0.03,60.44,33.61,0.5340,-1,-1,-1
24,-1,865.12,69.55,158.88,110.76,0.9574,-1,-1,-1
24,-1,965.82,325.23,29.68,18.71,0.8956,-1,-1,-1
24,-1,887.52,384.03,42.04,15.07,0.8931,-1,-1,-1
24,-1,843.55,0.00,53.78,35.78,0.5527,-1,-1,-1
25,-1,856.85,69.82,167.15,110.68,0.9668,-1,-1,-1
25,-1,885.49,384.04,41.67,14.97,0.8970,-1,-1,-1
25,-1,963.57,325.41,29.01,18.56,0.8948,-1,-1,-1
25,-1,836.31,0.00,50.37,34.95,0.5870,-1,-1,-1
26,-1,848.08,69.77,175.92,110.52,0.9582,-1,-1,-1
26,-1,882.67,384.02,42.27,15.05,0.8950,-1,-1,-1
26,-1,960.84,325.31,29.36,18.62,0.8873,-1,-1,-1
26,-1,832.75,0.00,42.76,33.25,0.3006,-1,-1,-1
27,-1,838.50,69.53,178.51,110.70,0.9555,-1,-1,-1
27,-1,958.47,325.27,29.41,18.62,0.8952,-1,-1,-1
27,-1,880.72,383.87,42.18,15.13,0.8925,-1,-1,-1
27,-1,826.36,0.00,36.18,32.66,0.3512,-1,-1,-1
28,-1,829.63,69.50,178.23,110.45,0.9576,-1,-1,-1
28,-1,956.12,325.13,28.72,18.37,0.8935,-1,-1,-1
28,-1,878.61,383.80,41.44,14.94,0.8926,-1,-1,-1
29,-1,819.94,69.33,178.40,110.27,0.9575,-1,-1,-1
29,-1,876.66,383.59,40.83,14.89,0.8967,-1,-1,-1
29,-1,953.63,324.65,28.68,18.56,0.8904,-1,-1,-1
30,-1,809.98,68.78,177.23,110.02,0.9569,-1,-1,-1
30,-1,873.96,383.16,41.77,14.82,0.8947,-1,-1,-1
30,-1,950.65,324.25,29.01,18.52,0.8863,-1,-1,-1
31,-1,800.30,68.35,177.88,110.36,0.9610,-1,-1,-1
31,-1,948.22,323.69,29.01,18.58,0.8994,-1,-1,-1
31,-1,872.08,382.82,41.24,14.70,0.8927,-1,-1,-1
32,-1,791.58,67.81,176.55,110.11,0.9581,-1,-1,-1
32,-1,870.08,382.22,41.26,14.82,0.8966,-1,-1,-1
32,-1,945.74,323.27,28.82,18.37,0.8861,-1,-1,-1
33,-1,782.31,67.12,176.20,110.31,0.9553,-1,-1,-1
33,-1,867.27,381.75,41.43,14.97,0.9067,-1,-1,-1
33,-1,942.83,322.64,28.75,18.45,0.8822,-1,-1,-1
34,-1,772.01,66.79,176.47,110.21,0.9581,-1,-1,-1
34,-1,865.12,381.23,41.40,14.88,0.9040,-1,-1,-1
34,-1,940.59,321.92,28.67,18.74,0.8886,-1,-1,-1
35,-1,762.52,66.37,177.05,110.09,0.9558,-1,-1,-1
35,-1,862.56,380.86,41.64,14.93,0.9088,-1,-1,-1
35,-1,937.82,321.57,28.53,18.37,0.8903,-1,-1,-1
36,-1,753.28,65.95,176.39,110.25,0.9623,-1,-1,-1
36,-1,860.43,380.42,40.97,15.03,0.9116,-1,-1,-1
36,-1,935.27,321.07,28.88,18.45,0.8975,-1,-1,-1
37,-1,743.89,65.61,175.57,110.29,0.9579,-1,-1,-1
37,-1,858.04,380.05,41.44,15.01,0.9165,-1,-1,-1
37,-1,932.91,320.76,28.36,18.22,0.8835,-1,-1,-1
38,-1,734.80,65.45,174.80,109.91,0.9546,-1,-1,-1
38,-1,855.97,379.88,40.90,15.00,0.9154,-1,-1,-1
38,-1,930.14,320.26,28.26,18.29,0.8860,-1,-1,-1
39,-1,725.49,65.43,174.99,109.88,0.9591,-1,-1,-1
39,-1,853.84,379.50,40.73,15.18,0.9143,-1,-1,-1
39,-1,927.32,320.17,29.23,18.40,0.8889,-1,-1,-1
40,-1,716.21,65.29,174.65,110.13,0.9562,-1,-1,-1
40,-1,851.39,379.36,40.61,15.20,0.9133,-1,-1,-1
40,-1,925.57,320.17,27.94,18.21,0.8947,-1,-1,-1
41,-1,707.05,65.36,174.37,110.06,0.9574,-1,-1,-1
41,-1,849.15,379.33,40.76,15.30,0.9148,-1,-1,-1
41,-1,922.69,319.98,28.26,18.29,0.8913,-1,-1,-1
42,-1,697.71,65.43,174.39,110.97,0.9575,-1,-1,-1
42,-1,846.80,379.40,40.76,15.32,0.9106,-1,-1,-1
42,-1,920.23,320.08,28.45,18.38,0.8938,-1,-1,-1
43,-1,688.72,65.50,173.87,111.39,0.9546,-1,-1,-1
43,-1,844.88,379.52,40.30,15.28,0.9133,-1,-1,-1
43,-1,918.14,320.33,27.86,18.23,0.8947,-1,-1,-1
44,-1,679.94,65.84,173.82,111.41,0.9596,-1,-1,-1
44,-1,842.48,379.78,40.87,15.11,0.9209,-1,-1,-1
44,-1,915.15,320.53,28.47,18.24,0.8898,-1,-1,-1
45,-1,671.50,66.11,173.92,111.22,0.9546,-1,-1,-1
45,-1,840.32,380.13,40.65,14.91,0.9116,-1,-1,-1
45,-1,913.28,321.03,27.94,18.24,0.8898,-1,-1,-1
46,-1,663.03,66.53,172.56,110.92,0.9601,-1,-1,-1
46,-1,838.06,380.62,40.98,14.84,0.9025,-1,-1,-1
46,-1,910.56,321.21,28.16,18.43,0.8963,-1,-1,-1
47,-1,654.48,66.53,171.99,111.02,0.9551,-1,-1,-1
47,-1,836.02,380.95,40.35,14.90,0.9101,-1,-1,-1
47,-1,908.42,321.75,27.89,18.54,0.8924,-1,-1,-1
48,-1,645.67,66.84,172.47,110.64,0.9579,-1,-1,-1
48,-1,833.99,381.30,40.37,15.03,0.9091,-1,-1,-1
48,-1,906.06,322.41,28.07,18.43,0.8894,-1,-1,-1
49,-1,636.99,67.31,171.60,110.45,0.9570,-1,-1,-1
49,-1,831.70,381.71,40.49,14.95,0.9016,-1,-1,-1
49,-1,903.84,322.74,27.60,18.46,0.8847,-1,-1,-1
50,-1,628.86,67.46,171.04,110.44,0.9573,-1,-1,-1
50,-1,829.60,382.12,39.66,14.85,0.8977,-1,-1,-1
50,-1,901.44,323.31,27.71,18.33,0.8705,-1,-1,-1
51,-1,620.56,67.43,169.99,110.68,0.9582,-1,-1,-1
51,-1,899.02,323.65,27.53,18.56,0.9022,-1,-1,-1
51,-1,827.14,382.69,40.56,14.63,0.8978,-1,-1,-1
52,-1,611.12,67.70,170.84,110.95,0.9553,-1,-1,-1
52,-1,825.24,383.03,39.76,14.71,0.8920,-1,-1,-1
52,-1,896.49,324.09,27.67,18.59,0.8895,-1,-1,-1
53,-1,602.70,67.63,170.44,111.19,0.9581,-1,-1,-1
53,-1,822.86,383.24,40.25,14.83,0.8904,-1,-1,-1
53,-1,894.28,324.33,27.10,18.63,0.8798,-1,-1,-1
53,-1,522.33,229.69,28.54,42.48,0.3227,-1,-1,-1
54,-1,593.69,67.67,170.05,111.03,0.9549,-1,-1,-1
54,-1,891.75,324.87,27.67,18.32,0.8956,-1,-1,-1
54,-1,820.58,383.47,39.91,14.87,0.8895,-1,-1,-1
54,-1,514.27,229.68,29.25,42.77,0.5415,-1,-1,-1
55,-1,585.50,67.77,169.62,110.37,0.9596,-1,-1,-1
55,-1,818.22,383.57,39.97,14.91,0.8901,-1,-1,-1
55,-1,889.82,324.97,26.60,18.33,0.8699,-1,-1,-1
55,-1,506.90,228.82,29.89,43.64,0.8168,-1,-1,-1
56,-1,576.33,67.65,168.97,110.43,0.9567,-1,-1,-1
56,-1,816.33,383.68,39.40,14.84,0.8912,-1,-1,-1
56,-1,886.86,325.02,27.24,18.48,0.8866,-1,-1,-1
56,-1,499.34,229.19,29.86,43.23,0.8135,-1,-1,-1
57,-1,567.10,67.73,169.28,110.31,0.9643,-1,-1,-1
57,-1,814.00,383.64,39.37,14.90,0.8940,-1,-1,-1
57,-1,884.65,325.13,27.19,18.28,0.8909,-1,-1,-1
57,-1,491.53,228.93,30.63,43.51,0.7407,-1,-1,-1
58,-1,557.92,67.62,168.52,110.60,0.9575,-1,-1,-1
58,-1,811.43,383.52,39.90,14.91,0.8950,-1,-1,-1
58,-1,882.24,324.83,26.81,18.53,0.8906,-1,-1,-1
58,-1,483.25,228.53,31.13,44.41,0.8303,-1,-1,-1
59,-1,548.79,67.51,168.41,110.73,0.9577,-1,-1,-1
59,-1,809.29,383.30,39.67,14.89,0.8896,-1,-1,-1
59,-1,879.17,324.73,27.22,18.43,0.8889,-1,-1,-1
59,-1,474.85,228.63,31.65,44.29,0.7772,-1,-1,-1
60,-1,538.92,67.40,168.58,110.54,0.9587,-1,-1,-1
60,-1,807.16,383.08,40.02,14.90,0.8916,-1,-1,-1
60,-1,877.18,324.37,27.01,18.46,0.8779,-1,-1,-1
60,-1,467.51,228.26,31.98,44.71,0.8734,-1,-1,-1
61,-1,529.13,67.10,168.09,110.57,0.9559,-1,-1,-1
61,-1,874.70,323.92,26.37,18.46,0.9011,-1,-1,-1
61,-1,805.44,382.75,39.05,14.83,0.8900,-1,-1,-1
61,-1,458.96,227.76,32.25,45.00,0.7973,-1,-1,-1
62,-1,519.98,67.09,168.13,110.49,0.9575,-1,-1,-1
62,-1,802.50,382.31,39.25,14.95,0.8969,-1,-1,-1
62,-1,871.60,323.57,26.88,18.40,0.8931,-1,-1,-1
62,-1,450.80,227.59,31.89,45.39,0.5764,-1,-1,-1
63,-1,510.07,66.78,167.98,110.55,0.9566,-1,-1,-1
63,-1,801.03,381.88,38.60,15.05,0.8955,-1,-1,-1
63,-1,869.28,323.20,27.00,18.30,0.8653,-1,-1,-1
63,-1,443.17,227.64,32.79,45.12,0.8016,-1,-1,-1
63,-1,566.06,0.00,36.48,16.52,0.5139,-1,-1,-1
64,-1,500.72,66.61,167.50,110.70,0.9550,-1,-1,-1
64,-1,798.35,381.69,38.80,14.89,0.9026,-1,-1,-1
64,-1,435.27,228.00,33.25,44.76,0.9015,-1,-1,-1
64,-1,866.56,322.77,26.92,18.31,0.8857,-1,-1,-1
64,-1,557.66,0.05,30.82,15.49,0.3586,-1,-1,-1
65,-1,491.23,66.46,167.23,110.85,0.9568,-1,-1,-1
65,-1,796.01,381.27,39.51,14.90,0.9116,-1,-1,-1
65,-1,863.86,322.20,26.77,18.53,0.8863,-1,-1,-1
65,-1,427.60,227.01,35.88,45.66,0.8391,-1,-1,-1
65,-1,549.24,0.00,31.28,13.40,0.3262,-1,-1,-1
66,-1,481.13,66.01,167.48,111.40,0.9556,-1,-1,-1
66,-1,793.41,380.98,39.53,14.80,0.9061,-1,-1,-1
66,-1,419.70,226.73,32.72,46.03,0.8913,-1,-1,-1
66,-1,861.64,321.85,26.45,18.39,0.8853,-1,-1,-1
67,-1,471.28,66.13,167.54,111.36,0.9565,-1,-1,-1
67,-1,791.34,380.79,38.72,14.69,0.9015,-1,-1,-1
67,-1,858.82,321.52,26.67,18.20,0.8932,-1,-1,-1
67,-1,411.03,225.94,34.94,47.09,0.8661,-1,-1,-1
68,-1,462.59,66.13,166.37,111.34,0.9556,-1,-1,-1
68,-1,789.17,380.39,38.74,14.86,0.9120,-1,-1,-1
68,-1,402.28,228.35,37.36,45.12,0.9070,-1,-1,-1
68,-1,856.54,321.16,26.48,18.26,0.8930,-1,-1,-1
68,-1,379.17,1.95,37.86,27.38,0.4459,-1,-1,-1
69,-1,453.23,66.30,165.96,110.88,0.9608,-1,-1,-1
69,-1,393.98,228.70,36.86,44.84,0.9128,-1,-1,-1
69,-1,786.27,380.16,39.48,14.89,0.9088,-1,-1,-1
69,-1,854.07,320.95,26.21,18.08,0.8796,-1,-1,-1
70,-1,443.46,66.68,166.32,110.09,0.9570,-1,-1,-1
70,-1,386.47,228.96,36.56,44.60,0.9139,-1,-1,-1
70,-1,784.61,380.08,38.86,14.85,0.9090,-1,-1,-1
70,-1,851.25,320.59,26.20,18.19,0.8933,-1,-1,-1
71,-1,434.34,66.04,165.86,110.77,0.9549,-1,-1,-1
71,-1,378.18,228.63,37.27,45.24,0.9116,-1,-1,-1
71,-1,782.25,379.96,38.86,14.90,0.9108,-1,-1,-1
71,-1,848.83,320.56,26.39,18.16,0.8920,-1,-1,-1
72,-1,425.27,65.93,165.84,110.72,0.9554,-1,-1,-1
72,-1,779.90,379.97,38.69,14.86,0.9207,-1,-1,-1
72,-1,370.52,228.74,37.70,45.27,0.9131,-1,-1,-1
72,-1,846.40,320.55,26.17,18.16,0.8932,-1,-1,-1
73,-1,416.48,66.47,165.11,110.29,0.9545,-1,-1,-1
73,-1,362.21,228.78,38.57,45.15,0.9164,-1,-1,-1
73,-1,777.84,379.96,38.47,14.81,0.9159,-1,-1,-1
73,-1,843.96,320.45,25.90,18.23,0.8930,-1,-1,-1
73,-1,384.33,144.61,32.64,43.44,0.2727,-1,-1,-1
74,-1,406.96,66.59,165.57,110.40,0.9555,-1,-1,-1
74,-1,354.84,228.47,38.87,45.44,0.9190,-1,-1,-1
74,-1,775.28,380.07,38.54,14.90,0.9068,-1,-1,-1
74,-1,841.74,320.69,25.96,18.20,0.8943,-1,-1,-1
74,-1,479.20,0.08,56.37,33.23,0.2597,-1,-1,-1
75,-1,398.40,66.71,165.30,110.70,0.9554,-1,-1,-1
75,-1,346.99,228.39,39.67,45.44,0.9213,-1,-1,-1
75,-1,773.19,380.20,38.71,14.91,0.9135,-1,-1,-1
75,-1,839.16,320.78,25.83,18.40,0.8788,-1,-1,-1
75,-1,369.84,141.27,36.95,46.68,0.8423,-1,-1,-1
75,-1,475.42,0.20,52.15,37.43,0.4228,-1,-1,-1
76,-1,390.67,66.55,163.71,110.94,0.9545,-1,-1,-1
76,-1,338.90,228.37,40.46,45.50,0.9209,-1,-1,-1
76,-1,770.80,380.51,38.79,14.90,0.9106,-1,-1,-1
76,-1,837.19,321.08,25.28,18.41,0.8870,-1,-1,-1
76,-1,471.03,0.18,47.97,37.05,0.5121,-1,-1,-1
76,-1,361.72,140.37,38.25,47.14,0.4791,-1,-1,-1
77,-1,383.46,66.86,162.22,110.64,0.9552,-1,-1,-1
77,-1,331.67,228.33,40.85,45.40,0.9290,-1,-1,-1
77,-1,769.02,380.83,38.59,14.79,0.9071,-1,-1,-1
77,-1,834.42,321.49,25.89,18.37,0.8977,-1,-1,-1
77,-1,353.03,139.76,40.83,47.71,0.8542,-1,-1,-1
77,-1,463.98,0.25,47.76,36.10,0.6575,-1,-1,-1
78,-1,373.30,66.74,163.42,110.79,0.9566,-1,-1,-1
78,-1,324.26,228.20,41.34,45.41,0.9323,-1,-1,-1
78,-1,766.80,381.17,38.38,14.76,0.9060,-1,-1,-1
78,-1,345.32,138.89,43.00,48.54,0.8986,-1,-1,-1
78,-1,832.01,321.67,25.81,18.72,0.8898,-1,-1,-1
78,-1,455.87,0.07,49.96,36.89,0.7019,-1,-1,-1
79,-1,365.10,66.96,162.93,110.66,0.9556,-1,-1,-1
79,-1,316.49,228.33,42.27,45.20,0.9335,-1,-1,-1
79,-1,764.71,381.39,38.53,14.87,0.9144,-1,-1,-1
79,-1,338.46,138.76,43.76,47.74,0.9013,-1,-1,-1
79,-1,829.79,322.14,25.74,18.73,0.8806,-1,-1,-1
79,-1,449.51,0.06,50.09,35.82,0.7118,-1,-1,-1
80,-1,355.85,66.61,163.22,110.94,0.9561,-1,-1,-1
80,-1,308.77,227.98,42.37,45.32,0.9314,-1,-1,-1
80,-1,330.59,138.61,46.29,47.52,0.9081,-1,-1,-1
80,-1,762.40,381.70,38.11,14.91,0.9042,-1,-1,-1
80,-1,827.31,322.46,25.69,18.65,0.8956,-1,-1,-1
80,-1,441.08,0.05,53.25,36.45,0.6703,-1,-1,-1
81,-1,348.34,66.63,162.10,110.67,0.9558,-1,-1,-1
81,-1,301.40,227.70,42.09,45.41,0.9291,-1,-1,-1
81,-1,324.69,138.16,46.40,46.48,0.9141,-1,-1,-1
81,-1,760.52,382.01,37.65,14.82,0.8889,-1,-1,-1
81,-1,825.36,322.94,25.03,18.51,0.8778,-1,-1,-1
81,-1,434.63,0.03,53.07,33.48,0.5648,-1,-1,-1
82,-1,341.15,66.60,160.69,110.88,0.9564,-1,-1,-1
82,-1,294.12,227.45,43.09,45.43,0.9229,-1,-1,-1
82,-1,316.97,138.12,48.24,46.96,0.9130,-1,-1,-1
82,-1,758.21,382.32,37.89,14.75,0.8926,-1,-1,-1
82,-1,823.07,323.29,25.18,18.60,0.8592,-1,-1,-1
82,-1,428.45,0.00,56.87,36.25,0.5812,-1,-1,-1
83,-1,331.06,66.58,161.23,110.48,0.9559,-1,-1,-1
83,-1,287.07,227.01,43.03,45.81,0.9223,-1,-1,-1
83,-1,309.57,138.23,49.99,46.91,0.8992,-1,-1,-1
83,-1,755.79,382.67,37.56,14.79,0.8939,-1,-1,-1
83,-1,820.75,323.70,24.77,18.52,0.8876,-1,-1,-1
83,-1,419.48,0.00,56.62,35.25,0.6254,-1,-1,-1
84,-1,322.84,66.31,161.11,110.79,0.9550,-1,-1,-1
84,-1,278.98,227.02,44.16,45.78,0.9262,-1,-1,-1
84,-1,304.12,137.93,49.72,46.98,0.9106,-1,-1,-1
84,-1,753.63,382.85,37.68,14.91,0.8915,-1,-1,-1
84,-1,818.05,323.81,25.19,18.74,0.8888,-1,-1,-1
84,-1,416.43,0.01,50.96,33.16,0.5478,-1,-1,-1
85,-1,314.50,66.07,160.15,111.20,0.9658,-1,-1,-1
85,-1,271.62,227.06,44.40,45.30,0.9279,-1,-1,-1
85,-1,297.47,137.75,50.55,46.96,0.9164,-1,-1,-1
85,-1,751.32,382.99,38.11,14.91,0.8911,-1,-1,-1
85,-1,815.61,324.04,25.12,18.69,0.8875,-1,-1,-1
85,-1,408.04,0.01,50.53,34.11,0.5434,-1,-1,-1
86,-1,305.78,65.89,159.67,111.40,0.9541,-1,-1,-1
86,-1,263.82,226.86,44.19,45.36,0.9296,-1,-1,-1
86,-1,292.17,137.58,50.25,46.67,0.9141,-1,-1,-1
86,-1,749.45,383.20,37.89,14.80,0.8932,-1,-1,-1
86,-1,813.79,324.25,24.58,18.73,0.8916,-1,-1,-1
86,-1,403.95,0.00,48.17,33.75,0.6060,-1,-1,-1
87,-1,296.32,65.45,159.85,111.62,0.9576,-1,-1,-1
87,-1,255.80,226.68,45.81,45.52,0.9255,-1,-1,-1
87,-1,286.31,137.56,49.98,47.03,0.9099,-1,-1,-1
87,-1,747.05,383.14,37.59,14.91,0.8961,-1,-1,-1
87,-1,811.03,324.28,24.60,18.81,0.8930,-1,-1,-1
87,-1,397.15,0.00,46.92,34.51,0.6794,-1,-1,-1
88,-1,286.81,65.24,160.26,111.61,0.9544,-1,-1,-1
88,-1,247.44,226.49,46.80,45.92,0.9238,-1,-1,-1
88,-1,279.97,137.57,50.42,46.91,0.9100,-1,-1,-1
88,-1,744.97,383.21,37.22,14.82,0.8875,-1,-1,-1
88,-1,808.62,324.46,24.73,18.40,0.8864,-1,-1,-1
88,-1,389.55,0.00,47.21,32.80,0.7728,-1,-1,-1
89,-1,277.33,65.19,160.75,111.22,0.9549,-1,-1,-1
89,-1,239.78,226.43,47.08,45.97,0.9238,-1,-1,-1
89,-1,273.82,137.50,50.65,47.24,0.9171,-1,-1,-1
89,-1,742.46,383.24,37.42,14.67,0.8918,-1,-1,-1
89,-1,806.12,324.31,24.57,18.53,0.8898,-1,-1,-1
89,-1,381.55,0.00,47.43,34.25,0.7531,-1,-1,-1
90,-1,268.09,65.43,160.21,111.33,0.9591,-1,-1,-1
90,-1,231.62,226.52,47.33,45.87,0.9254,-1,-1,-1
90,-1,267.84,137.58,49.83,46.34,0.9150,-1,-1,-1
90,-1,803.32,324.05,24.47,18.62,0.8956,-1,-1,-1
90,-1,740.34,383.09,37.05,14.76,0.8927,-1,-1,-1
90,-1,373.70,0.00,47.48,34.71,0.7473,-1,-1,-1
91,-1,259.08,65.49,159.79,111.04,0.9536,-1,-1,-1
91,-1,224.02,226.78,47.41,45.60,0.9247,-1,-1,-1
91,-1,261.35,137.71,50.58,46.69,0.9098,-1,-1,-1
91,-1,738.01,382.97,37.08,14.72,0.8903,-1,-1,-1
91,-1,800.84,324.18,24.70,18.21,0.8867,-1,-1,-1
91,-1,365.77,0.00,48.62,33.90,0.7019,-1,-1,-1
92,-1,249.43,65.39,159.96,111.44,0.9621,-1,-1,-1
92,-1,215.69,226.92,48.97,45.67,0.9249,-1,-1,-1
92,-1,255.30,137.89,49.89,47.05,0.9086,-1,-1,-1
92,-1,798.32,323.65,24.43,18.44,0.8911,-1,-1,-1
92,-1,735.74,382.81,37.34,14.60,0.8884,-1,-1,-1
92,-1,357.75,0.00,46.75,34.70,0.7613,-1,-1,-1
93,-1,239.04,66.01,160.10,110.83,0.9523,-1,-1,-1
93,-1,207.72,227.13,49.15,45.72,0.9336,-1,-1,-1
93,-1,249.11,137.84,50.12,46.94,0.8963,-1,-1,-1
93,-1,795.41,323.36,24.73,18.29,0.8956,-1,-1,-1
93,-1,733.49,382.33,38.05,14.74,0.8945,-1,-1,-1
93,-1,349.54,0.00,47.03,33.64,0.7284,-1,-1,-1
94,-1,229.75,66.35,160.04,110.41,0.9562,-1,-1,-1
94,-1,199.01,227.56,50.76,45.66,0.9342,-1,-1,-1
94,-1,242.34,138.28,49.92,47.41,0.9008,-1,-1,-1
94,-1,730.98,381.96,37.61,14.88,0.9008,-1,-1,-1
94,-1,793.08,323.04,24.46,18.21,0.8787,-1,-1,-1
94,-1,341.08,0.02,49.36,34.44,0.6873,-1,-1,-1
95,-1,219.47,66.42,160.59,110.68,0.9707,-1,-1,-1
95,-1,191.03,227.96,51.08,45.57,0.9358,-1,-1,-1
95,-1,729.10,381.77,36.97,14.86,0.8940,-1,-1,-1
95,-1,236.76,139.64,49.55,45.87,0.8888,-1,-1,-1
95,-1,790.44,322.65,24.65,18.46,0.8801,-1,-1,-1
95,-1,332.01,0.00,50.95,33.84,0.6947,-1,-1,-1
96,-1,210.10,66.66,160.57,110.25,0.9540,-1,-1,-1
96,-1,182.89,228.23,51.20,45.55,0.9349,-1,-1,-1
96,-1,726.63,381.45,37.46,14.82,0.8996,-1,-1,-1
96,-1,787.83,322.26,24.51,18.46,0.8967,-1,-1,-1
96,-1,229.26,140.52,47.94,44.83,0.8013,-1,-1,-1
96,-1,323.58,0.00,51.21,34.91,0.6655,-1,-1,-1
97,-1,200.14,66.97,160.51,110.53,0.9575,-1,-1,-1
97,-1,174.68,228.41,51.77,45.82,0.9327,-1,-1,-1
97,-1,724.48,381.16,37.07,14.89,0.9067,-1,-1,-1
97,-1,784.72,321.88,24.57,18.51,0.8850,-1,-1,-1
97,-1,223.56,141.87,41.67,44.14,0.7905,-1,-1,-1
97,-1,316.51,0.00,50.82,34.52,0.7722,-1,-1,-1
98,-1,190.12,67.46,161.04,110.02,0.9541,-1,-1,-1
98,-1,166.09,228.78,52.89,45.75,0.9337,-1,-1,-1
98,-1,721.97,380.99,36.81,14.82,0.9013,-1,-1,-1
98,-1,782.49,321.54,24.59,18.50,0.8928,-1,-1,-1
98,-1,307.93,0.00,46.64,36.78,0.7591,-1,-1,-1
98,-1,217.21,143.73,39.98,42.66,0.6916,-1,-1,-1
99,-1,180.54,67.68,160.95,109.94,0.9552,-1,-1,-1
99,-1,158.19,229.01,53.25,45.89,0.9320,-1,-1,-1
99,-1,719.70,380.93,36.77,14.71,0.9044,-1,-1,-1
99,-1,779.82,321.30,24.75,18.36,0.8909,-1,-1,-1
99,-1,299.31,0.00,46.08,35.42,0.8406,-1,-1,-1
100,-1,170.49,67.79,161.62,110.26,0.9582,-1,-1,-1
100,-1,150.23,229.30,53.96,45.86,0.9350,-1,-1,-1
100,-1,717.41,380.63,37.14,14.89,0.9096,-1,-1,-1
100,-1,777.23,321.12,24.56,18.33,0.8853,-1,-1,-1
100,-1,291.50,0.00,46.07,37.75,0.7984,-1,-1,-1
101,-1,161.29,68.10,161.53,109.88,0.9558,-1,-1,-1
101,-1,142.28,229.67,54.32,45.49,0.9403,-1,-1,-1
101,-1,715.11,380.39,36.99,14.83,0.9069,-1,-1,-1
101,-1,774.84,320.91,24.64,18.39,0.8904,-1,-1,-1
101,-1,283.57,0.00,45.94,36.31,0.8264,-1,-1,-1
102,-1,151.83,68.30,161.59,110.11,0.9579,-1,-1,-1
102,-1,134.20,229.85,55.10,45.61,0.9370,-1,-1,-1
102,-1,712.78,380.41,36.77,14.74,0.8985,-1,-1,-1
102,-1,772.84,320.94,23.98,18.37,0.8812,-1,-1,-1
102,-1,275.47,0.00,46.32,37.33,0.7511,-1,-1,-1
103,-1,142.29,68.36,161.63,110.09,0.9561,-1,-1,-1
103,-1,126.68,229.82,55.45,45.85,0.9279,-1,-1,-1
103,-1,710.47,380.38,37.02,14.76,0.9028,-1,-1,-1
103,-1,769.78,320.98,24.42,18.30,0.8859,-1,-1,-1
103,-1,265.54,0.00,48.98,38.11,0.7822,-1,-1,-1
104,-1,133.31,68.14,161.22,110.30,0.9565,-1,-1,-1
104,-1,119.11,229.98,55.85,45.68,0.9321,-1,-1,-1
104,-1,708.42,380.32,36.88,14.92,0.9059,-1,-1,-1
104,-1,767.02,320.83,24.62,18.50,0.8894,-1,-1,-1
104,-1,257.54,0.00,48.96,39.37,0.7494,-1,-1,-1
105,-1,124.42,68.24,161.07,109.98,0.9567,-1,-1,-1
105,-1,111.33,229.95,56.51,45.79,0.9301,-1,-1,-1
105,-1,705.99,380.57,36.76,14.77,0.9006,-1,-1,-1
105,-1,765.37,321.13,23.65,18.28,0.8767,-1,-1,-1
105,-1,248.43,0.00,50.97,40.29,0.7058,-1,-1,-1
106,-1,115.24,68.12,161.16,109.74,0.9559,-1,-1,-1
106,-1,103.53,229.76,57.23,45.80,0.9319,-1,-1,-1
106,-1,703.94,380.73,36.78,14.71,0.9042,-1,-1,-1
106,-1,762.59,321.20,24.12,18.38,0.8881,-1,-1,-1
106,-1,238.00,0.00,56.72,40.51,0.7037,-1,-1,-1
107,-1,105.95,67.79,161.91,110.20,0.9572,-1,-1,-1
107,-1,95.57,229.30,58.00,45.96,0.9298,-1,-1,-1
107,-1,701.96,380.88,36.54,14.82,0.9094,-1,-1,-1
107,-1,759.99,321.28,23.97,18.48,0.8873,-1,-1,-1
107,-1,226.84,0.00,59.25,39.40,0.6942,-1,-1,-1
108,-1,97.14,67.67,161.60,110.01,0.9544,-1,-1,-1
108,-1,87.77,229.04,59.52,45.68,0.9283,-1,-1,-1
108,-1,699.82,381.00,36.48,14.91,0.9121,-1,-1,-1
108,-1,757.78,321.48,23.71,18.60,0.8850,-1,-1,-1
108,-1,224.64,0.13,53.50,37.49,0.7302,-1,-1,-1
109,-1,88.46,67.36,161.56,110.14,0.9570,-1,-1,-1
109,-1,80.07,228.45,60.11,46.00,0.9279,-1,-1,-1
109,-1,697.33,381.20,36.41,14.77,0.9021,-1,-1,-1
109,-1,755.58,321.99,23.97,18.48,0.8987,-1,-1,-1
109,-1,212.60,0.08,58.84,37.67,0.7530,-1,-1,-1
110,-1,79.72,66.72,161.38,110.34,0.9538,-1,-1,-1
110,-1,72.48,228.16,60.08,45.85,0.9300,-1,-1,-1
110,-1,695.14,381.46,36.55,14.82,0.8989,-1,-1,-1
110,-1,752.79,322.24,24.10,18.53,0.8680,-1,-1,-1
110,-1,204.07,0.00,62.27,38.73,0.7009,-1,-1,-1
111,-1,70.64,66.47,161.85,110.59,0.9568,-1,-1,-1
111,-1,64.72,227.76,61.90,45.61,0.9323,-1,-1,-1
111,-1,693.30,381.69,36.04,14.93,0.9017,-1,-1,-1
111,-1,750.45,322.64,24.07,18.48,0.8792,-1,-1,-1
111,-1,199.28,0.00,62.98,37.45,0.7139,-1,-1,-1
112,-1,61.72,65.95,161.71,110.89,0.9532,-1,-1,-1
112,-1,56.94,227.26,62.56,45.15,0.9316,-1,-1,-1
112,-1,690.58,381.82,36.29,15.00,0.8959,-1,-1,-1
112,-1,748.28,322.83,23.71,18.52,0.8794,-1,-1,-1
112,-1,193.95,0.00,63.63,35.61,0.5803,-1,-1,-1
113,-1,53.25,65.58,161.42,110.92,0.9553,-1,-1,-1
113,-1,48.94,226.78,62.99,45.32,0.9291,-1,-1,-1
113,-1,688.96,381.93,35.68,15.09,0.8951,-1,-1,-1
113,-1,745.97,323.21,23.74,18.27,0.8731,-1,-1,-1
113,-1,186.98,0.10,63.55,34.03,0.6075,-1,-1,-1
114,-1,44.24,65.27,161.44,110.66,0.9525,-1,-1,-1
114,-1,41.39,226.28,63.26,45.49,0.9293,-1,-1,-1
114,-1,686.80,382.28,35.97,14.80,0.8949,-1,-1,-1
114,-1,743.41,323.25,23.91,18.59,0.8784,-1,-1,-1
114,-1,180.31,0.12,57.92,34.36,0.7039,-1,-1,-1
115,-1,35.48,64.70,161.36,111.06,0.9536,-1,-1,-1
115,-1,33.11,225.97,64.56,45.50,0.9282,-1,-1,-1
115,-1,684.70,382.42,35.39,14.98,0.8884,-1,-1,-1
115,-1,741.47,323.39,23.32,18.75,0.8815,-1,-1,-1
115,-1,173.16,0.12,56.73,34.51,0.7026,-1,-1,-1
116,-1,26.26,64.34,161.81,111.25,0.9543,-1,-1,-1
116,-1,26.02,225.68,64.69,45.32,0.9284,-1,-1,-1
116,-1,738.87,323.53,23.30,18.84,0.8855,-1,-1,-1
116,-1,682.34,382.60,35.01,14.99,0.8670,-1,-1,-1
116,-1,163.32,0.05,63.13,35.40,0.6683,-1,-1,-1
117,-1,17.72,64.09,160.68,111.00,0.9519,-1,-1,-1
117,-1,18.13,225.36,66.70,45.40,0.9270,-1,-1,-1
117,-1,679.59,382.67,36.03,14.90,0.8922,-1,-1,-1
117,-1,736.27,323.58,23.54,18.71,0.8800,-1,-1,-1
117,-1,152.70,0.00,67.10,33.04,0.5908,-1,-1,-1
118,-1,7.90,64.05,161.55,111.25,0.9546,-1,-1,-1
118,-1,10.40,225.21,67.26,45.46,0.9301,-1,-1,-1
118,-1,678.09,382.75,34.96,14.83,0.8889,-1,-1,-1
118,-1,734.10,323.54,23.15,18.82,0.8839,-1,-1,-1
118,-1,145.46,0.00,65.38,34.01,0.6386,-1,-1,-1
119,-1,0.00,63.96,160.69,111.21,0.9511,-1,-1,-1
119,-1,2.27,225.19,67.79,45.43,0.9297,-1,-1,-1
119,-1,675.37,382.65,35.29,15.03,0.8967,-1,-1,-1
119,-1,731.19,323.62,23.35,18.66,0.8848,-1,-1,-1
119,-1,137.56,0.00,65.20,34.04,0.6402,-1,-1,-1
120,-1,0.00,64.09,151.15,111.48,0.9540,-1,-1,-1
120,-1,0.01,225.29,62.76,45.45,0.9313,-1,-1,-1
120,-1,673.47,382.66,35.19,14.94,0.8824,-1,-1,-1
120,-1,729.07,323.51,23.34,18.72,0.8732,-1,-1,-1
120,-1,128.94,0.00,66.36,32.81,0.6634,-1,-1,-1
121,-1,0.00,64.10,141.84,111.55,0.9513,-1,-1,-1
121,-1,0.02,225.46,55.61,45.64,0.9238,-1,-1,-1
121,-1,671.34,382.60,35.38,14.78,0.8885,-1,-1,-1
121,-1,726.48,323.40,22.91,18.68,0.8753,-1,-1,-1
121,-1,121.43,0.00,66.12,34.91,0.6584,-1,-1,-1
122,-1,0.12,64.44,132.41,111.52,0.9547,-1,-1,-1
122,-1,0.00,225.65,48.00,45.68,0.9165,-1,-1,-1
122,-1,669.04,382.50,35.03,14.74,0.8919,-1,-1,-1
122,-1,723.69,323.41,23.19,18.49,0.8873,-1,-1,-1
122,-1,113.29,0.00,68.12,34.63,0.6517,-1,-1,-1
123,-1,0.21,64.82,122.28,111.60,0.9547,-1,-1,-1
123,-1,0.00,225.88,40.71,44.88,0.9118,-1,-1,-1
123,-1,666.55,382.12,35.03,15.11,0.8936,-1,-1,-1
123,-1,721.27,323.11,23.25,18.60,0.8701,-1,-1,-1
123,-1,105.23,0.00,66.73,37.44,0.6362,-1,-1,-1
124,-1,0.01,65.26,113.54,111.64,0.9508,-1,-1,-1
124,-1,664.61,381.93,35.14,14.98,0.8920,-1,-1,-1
124,-1,0.03,226.44,33.57,44.62,0.8914,-1,-1,-1
124,-1,718.54,322.92,23.27,18.51,0.8727,-1,-1,-1
124,-1,96.56,0.00,67.22,36.51,0.7035,-1,-1,-1
125,-1,0.01,64.55,103.97,112.69,0.9503,-1,-1,-1
125,-1,662.12,381.85,34.94,14.86,0.8963,-1,-1,-1
125,-1,716.08,322.45,23.12,18.86,0.8958,-1,-1,-1
125,-1,0.00,226.72,25.76,43.26,0.8670,-1,-1,-1
125,-1,88.55,0.00,66.71,36.63,0.7044,-1,-1,-1
126,-1,0.03,66.66,94.02,110.85,0.9450,-1,-1,-1
126,-1,659.78,381.63,34.78,15.01,0.8956,-1,-1,-1
126,-1,713.31,322.41,23.33,18.59,0.8754,-1,-1,-1
126,-1,0.00,228.65,17.90,37.35,0.7967,-1,-1,-1
126,-1,80.51,0.00,66.95,36.97,0.7295,-1,-1,-1
127,-1,0.00,68.45,85.10,109.60,0.9362,-1,-1,-1
127,-1,657.39,381.44,35.01,14.86,0.9021,-1,-1,-1
127,-1,710.96,321.96,22.84,18.74,0.8812,-1,-1,-1
127,-1,73.25,0.00,66.39,37.34,0.7225,-1,-1,-1
127,-1,0.00,229.99,10.28,31.88,0.6845,-1,-1,-1
128,-1,0.00,73.95,75.12,104.59,0.9236,-1,-1,-1
128,-1,655.07,381.32,35.21,14.68,0.9044,-1,-1,-1
128,-1,708.68,321.78,22.72,18.65,0.8976,-1,-1,-1
128,-1,65.87,0.14,66.04,38.18,0.7457,-1,-1,-1
129,-1,0.07,77.35,65.93,102.25,0.9091,-1,-1,-1
129,-1,652.74,381.13,34.81,14.88,0.9070,-1,-1,-1
129,-1,705.60,321.55,22.97,18.77,0.8788,-1,-1,-1
129,-1,57.09,0.00,66.57,38.97,0.7312,-1,-1,-1
130,-1,650.26,380.90,35.01,14.92,0.9092,-1,-1,-1
130,-1,0.00,81.45,57.24,98.78,0.9019,-1,-1,-1
130,-1,702.95,321.46,22.94,18.52,0.8838,-1,-1,-1
130,-1,38.47,0.00,77.52,38.93,0.6188,-1,-1,-1
131,-1,648.16,380.86,34.78,14.85,0.9032,-1,-1,-1
131,-1,700.83,321.21,22.71,18.70,0.8988,-1,-1,-1
131,-1,0.00,87.22,48.51,94.54,0.8701,-1,-1,-1
131,-1,29.03,0.00,79.38,37.70,0.6054,-1,-1,-1
132,-1,646.06,380.78,34.59,14.99,0.9024,-1,-1,-1
132,-1,698.10,321.18,22.80,18.56,0.8857,-1,-1,-1
132,-1,0.09,89.37,39.37,91.09,0.8516,-1,-1,-1
132,-1,26.93,0.02,73.64,38.77,0.6923,-1,-1,-1
133,-1,643.46,380.74,34.54,14.91,0.9032,-1,-1,-1
133,-1,695.34,321.02,22.95,18.56,0.8826,-1,-1,-1
133,-1,0.00,91.37,30.65,89.34,0.7559,-1,-1,-1
133,-1,20.47,0.01,72.80,38.53,0.7165,-1,-1,-1
133,-1,10.76,141.41,47.88,44.99,0.4970,-1,-1,-1
134,-1,641.38,380.90,34.73,14.73,0.9076,-1,-1,-1
134,-1,693.32,321.07,22.49,18.54,0.8976,-1,-1,-1
134,-1,3.03,141.46,49.55,44.22,0.7111,-1,-1,-1
134,-1,11.41,0.01,74.60,38.40,0.6896,-1,-1,-1
134,-1,0.00,98.28,21.25,82.70,0.5090,-1,-1,-1
135,-1,639.22,380.96,34.42,14.66,0.9053,-1,-1,-1
135,-1,690.67,321.24,22.45,18.51,0.8883,-1,-1,-1
135,-1,2.58,0.00,76.74,39.79,0.6676,-1,-1,-1
135,-1,0.23,141.39,46.44,44.49,0.5092,-1,-1,-1
135,-1,0.66,141.38,45.89,44.80,0.3620,-1,-1,-1
135,-1,0.00,113.35,12.21,68.93,0.3596,-1,-1,-1
136,-1,636.96,380.99,34.52,14.81,0.9091,-1,-1,-1
136,-1,688.15,321.21,22.41,18.65,0.8858,-1,-1,-1
136,-1,0.01,141.04,41.03,46.55,0.7685,-1,-1,-1
136,-1,0.00,0.00,71.77,37.73,0.7344,-1,-1,-1
137,-1,634.86,381.01,34.10,14.78,0.9071,-1,-1,-1
137,-1,685.73,321.26,22.43,18.70,0.8954,-1,-1,-1
137,-1,0.00,0.00,64.79,37.77,0.7289,-1,-1,-1
137,-1,0.00,141.05,35.01,44.66,0.5400,-1,-1,-1
137,-1,0.01,141.04,34.99,44.34,0.3149,-1,-1,-1
138,-1,632.54,381.15,34.31,14.69,0.9021,-1,-1,-1
138,-1,683.22,321.42,22.58,18.85,0.8921,-1,-1,-1
138,-1,0.00,139.41,29.92,40.77,0.7165,-1,-1,-1
138,-1,0.00,0.00,58.02,39.76,0.6855,-1,-1,-1
139,-1,630.62,381.24,33.83,14.77,0.9033,-1,-1,-1
139,-1,680.89,321.66,22.60,18.73,0.8881,-1,-1,-1
139,-1,0.00,0.00,51.03,37.24,0.7882,-1,-1,-1
139,-1,0.00,139.53,23.70,38.71,0.6471,-1,-1,-1
140,-1,628.55,381.34,33.42,14.83,0.9054,-1,-1,-1
140,-1,678.82,321.84,22.06,18.69,0.8855,-1,-1,-1
140,-1,0.00,0.00,44.12,39.01,0.8180,-1,-1,-1
140,-1,0.00,135.19,18.48,43.46,0.3009,-1,-1,-1
141,-1,626.22,381.50,33.91,14.76,0.9006,-1,-1,-1
141,-1,676.42,321.99,21.93,18.87,0.8942,-1,-1,-1
141,-1,0.05,0.00,37.41,37.19,0.8308,-1,-1,-1
141,-1,0.00,137.00,12.99,41.76,0.2987,-1,-1,-1
142,-1,624.18,381.67,33.87,14.85,0.8944,-1,-1,-1
142,-1,673.74,322.36,22.29,18.73,0.8759,-1,-1,-1
142,-1,0.03,0.00,30.93,35.06,0.8440,-1,-1,-1
143,-1,621.83,381.81,33.77,14.86,0.8988,-1,-1,-1
143,-1,671.70,322.39,21.85,18.98,0.8711,-1,-1,-1
143,-1,0.00,0.00,24.41,34.03,0.8047,-1,-1,-1
144,-1,619.59,381.86,33.44,14.93,0.8958,-1,-1,-1
144,-1,669.59,322.75,21.60,18.72,0.8826,-1,-1,-1
144,-1,0.00,0.00,17.92,33.08,0.7105,-1,-1,-1
145,-1,617.37,382.04,33.73,14.80,0.8862,-1,-1,-1
145,-1,666.98,322.94,21.73,18.61,0.8789,-1,-1,-1
145,-1,0.00,0.00,10.97,29.29,0.4330,-1,-1,-1
146,-1,615.25,382.21,33.30,14.64,0.8868,-1,-1,-1
146,-1,664.64,323.07,21.66,18.60,0.8718,-1,-1,-1
147,-1,613.04,382.19,32.90,14.80,0.8915,-1,-1,-1
147,-1,662.65,323.03,21.13,18.88,0.8883,-1,-1,-1
148,-1,610.66,382.30,33.70,14.87,0.8924,-1,-1,-1
148,-1,660.00,323.11,21.20,18.89,0.8838,-1,-1,-1
149,-1,608.86,382.29,33.01,14.84,0.8832,-1,-1,-1
149,-1,657.27,323.16,21.41,18.80,0.8768,-1,-1,-1
150,-1,606.70,382.30,32.36,14.81,0.8871,-1,-1,-1
150,-1,655.17,323.16,21.21,18.78,0.8821,-1,-1,-1
151,-1,603.97,382.15,33.22,15.05,0.8981,-1,-1,-1
151,-1,652.51,323.19,21.00,18.69,0.8735,-1,-1,-1
152,-1,601.64,382.14,33.48,14.88,0.8867,-1,-1,-1
152,-1,650.19,323.08,21.25,18.76,0.8756,-1,-1,-1
153,-1,599.66,382.20,32.27,14.60,0.8869,-1,-1,-1
153,-1,647.71,323.00,21.11,18.61,0.8644,-1,-1,-1
154,-1,597.13,382.01,32.37,14.81,0.8892,-1,-1,-1
154,-1,644.98,322.66,20.81,18.83,0.8806,-1,-1,-1
155,-1,594.76,381.82,33.30,14.91,0.8985,-1,-1,-1
155,-1,642.70,322.81,20.76,18.47,0.8788,-1,-1,-1
156,-1,592.71,381.93,32.61,14.71,0.8857,-1,-1,-1
156,-1,640.14,322.38,20.58,18.90,0.8766,-1,-1,-1
157,-1,590.61,381.88,32.61,14.66,0.8870,-1,-1,-1
157,-1,637.41,322.12,20.46,18.94,0.8820,-1,-1,-1
158,-1,588.06,381.73,32.59,14.61,0.8818,-1,-1,-1
158,-1,634.82,322.19,20.76,18.74,0.8757,-1,-1,-1
159,-1,585.57,381.61,33.17,14.58,0.8942,-1,-1,-1
159,-1,632.22,322.04,20.47,18.79,0.8438,-1,-1,-1
160,-1,583.50,381.46,32.63,14.53,0.8968,-1,-1,-1
160,-1,629.69,321.59,20.36,18.87,0.8903,-1,-1,-1
160,-1,984.01,281.87,27.97,12.14,0.2857,-1,-1,-1
161,-1,581.17,381.34,32.12,14.75,0.9071,-1,-1,-1
161,-1,626.96,321.52,20.71,19.01,0.8842,-1,-1,-1
162,-1,578.84,381.30,32.84,14.61,0.9070,-1,-1,-1
162,-1,624.46,321.60,20.38,18.59,0.8621,-1,-1,-1
163,-1,576.58,381.35,32.47,14.45,0.9012,-1,-1,-1
163,-1,622.23,321.50,20.06,18.66,0.8911,-1,-1,-1
163,-1,976.67,280.75,28.14,12.08,0.2996,-1,-1,-1
164,-1,574.40,381.23,32.65,14.68,0.9061,-1,-1,-1
164,-1,619.44,321.57,20.41,18.78,0.8875,-1,-1,-1
165,-1,572.15,381.15,32.14,14.69,0.9026,-1,-1,-1
165,-1,616.94,321.49,20.23,18.73,0.8774,-1,-1,-1
166,-1,569.95,381.19,31.95,14.74,0.9029,-1,-1,-1
166,-1,614.62,321.55,19.92,18.64,0.8875,-1,-1,-1
167,-1,567.75,381.28,32.01,14.61,0.8996,-1,-1,-1
167,-1,611.85,321.67,20.68,18.71,0.8826,-1,-1,-1
168,-1,565.40,381.24,31.53,14.95,0.8950,-1,-1,-1
168,-1,609.47,321.73,20.38,18.73,0.8612,-1,-1,-1
169,-1,563.25,381.30,32.02,14.85,0.9072,-1,-1,-1
169,-1,607.32,321.81,20.10,18.73,0.8884,-1,-1,-1
170,-1,604.64,321.87,20.69,18.81,0.8784,-1,-1,-1
170,-1,560.82,381.51,31.95,14.69,0.8661,-1,-1,-1
171,-1,602.64,322.06,19.86,18.85,0.8683,-1,-1,-1
171,-1,558.97,381.51,31.60,14.94,0.8399,-1,-1,-1
171,-1,959.64,282.31,27.11,12.40,0.2826,-1,-1,-1
172,-1,556.54,381.62,32.02,14.85,0.8999,-1,-1,-1
172,-1,600.28,322.13,19.78,18.85,0.8872,-1,-1,-1
173,-1,554.61,381.68,31.47,14.82,0.8929,-1,-1,-1
173,-1,597.73,322.38,20.02,18.79,0.8603,-1,-1,-1
174,-1,552.39,381.88,31.30,14.60,0.8905,-1,-1,-1
174,-1,595.28,322.25,19.98,18.93,0.8794,-1,-1,-1
175,-1,550.15,381.77,31.09,14.88,0.8987,-1,-1,-1
175,-1,592.67,322.50,20.35,18.73,0.8376,-1,-1,-1
176,-1,548.23,381.74,31.46,14.87,0.9023,-1,-1,-1
176,-1,590.70,322.69,19.63,18.73,0.8239,-1,-1,-1
177,-1,588.11,322.48,19.80,18.94,0.8816,-1,-1,-1
177,-1,545.73,381.86,31.34,14.86,0.8790,-1,-1,-1
177,-1,947.55,285.50,25.56,12.20,0.3297,-1,-1,-1
178,-1,543.59,381.96,31.34,14.71,0.8830,-1,-1,-1
178,-1,585.58,322.71,19.95,18.70,0.8723,-1,-1,-1
178,-1,945.66,285.72,25.20,12.46,0.2550,-1,-1,-1
179,-1,583.47,322.72,19.54,18.83,0.8800,-1,-1,-1
179,-1,541.08,381.88,31.45,14.88,0.8772,-1,-1,-1
179,-1,944.57,285.91,24.77,12.56,0.3466,-1,-1,-1
180,-1,539.01,381.78,31.50,15.01,0.8965,-1,-1,-1
180,-1,580.86,322.83,19.96,18.80,0.8791,-1,-1,-1
181,-1,538.59,380.16,30.94,14.91,0.9104,-1,-1,-1
181,-1,576.47,319.27,20.47,18.11,0.8191,-1,-1,-1
182,-1,538.69,378.22,31.12,15.39,0.8862,-1,-1,-1
182,-1,572.98,315.95,21.05,17.96,0.8385,-1,-1,-1
183,-1,539.53,376.93,30.70,15.31,0.8981,-1,-1,-1
183,-1,571.44,314.05,21.38,17.21,0.8588,-1,-1,-1
183,-1,922.73,221.22,24.34,12.26,0.2757,-1,-1,-1
184,-1,540.91,375.78,30.52,15.40,0.9027,-1,-1,-1
184,-1,570.99,312.26,21.94,17.01,0.8637,-1,-1,-1
185,-1,542.54,374.95,29.97,15.68,0.8806,-1,-1,-1
185,-1,572.01,311.36,22.17,17.02,0.8718,-1,-1,-1
185,-1,919.34,205.72,24.90,12.44,0.4026,-1,-1,-1
186,-1,574.58,311.21,22.12,16.80,0.8852,-1,-1,-1
186,-1,545.08,374.71,29.85,15.69,0.8460,-1,-1,-1
186,-1,921.78,206.42,25.02,12.16,0.3409,-1,-1,-1
187,-1,547.18,374.85,31.21,15.72,0.8829,-1,-1,-1
187,-1,578.89,311.54,21.97,17.13,0.8767,-1,-1,-1
187,-1,927.95,212.46,25.08,12.25,0.3558,-1,-1,-1
188,-1,550.54,375.69,31.31,15.43,0.8916,-1,-1,-1
188,-1,584.36,312.93,21.74,17.27,0.8589,-1,-1,-1
189,-1,554.40,377.37,31.56,15.11,0.8847,-1,-1,-1
189,-1,591.66,315.62,21.48,17.51,0.8801,-1,-1,-1
190,-1,558.70,380.17,31.68,14.84,0.8964,-1,-1,-1
190,-1,600.68,319.80,20.32,18.39,0.8727,-1,-1,-1
191,-1,562.53,381.60,32.05,15.03,0.8927,-1,-1,-1
191,-1,606.66,322.30,19.72,18.86,0.8777,-1,-1,-1
192,-1,564.53,381.27,31.78,14.81,0.9047,-1,-1,-1
192,-1,608.54,321.89,20.31,18.51,0.7457,-1,-1,-1
193,-1,566.75,381.24,32.06,14.90,0.9046,-1,-1,-1
193,-1,610.98,321.75,20.27,18.75,0.8848,-1,-1,-1
194,-1,568.92,381.24,32.07,14.63,0.9000,-1,-1,-1
194,-1,613.57,321.51,20.04,18.73,0.8910,-1,-1,-1
195,-1,571.09,381.15,32.43,14.75,0.9096,-1,-1,-1
195,-1,616.03,321.63,20.28,18.64,0.8897,-1,-1,-1
196,-1,618.31,321.45,20.16,18.83,0.8848,-1,-1,-1
196,-1,573.31,381.13,32.20,14.76,0.8767,-1,-1,-1
197,-1,575.69,381.24,32.51,14.52,0.9040,-1,-1,-1
197,-1,620.64,321.32,20.65,18.83,0.8561,-1,-1,-1
198,-1,577.95,381.24,32.79,14.64,0.9052,-1,-1,-1
198,-1,623.46,321.62,20.24,18.77,0.8902,-1,-1,-1
199,-1,580.11,381.31,32.55,14.64,0.9112,-1,-1,-1
199,-1,625.83,321.66,20.49,18.85,0.8758,-1,-1,-1
200,-1,582.61,381.47,32.43,14.73,0.8987,-1,-1,-1
200,-1,628.27,321.69,20.66,18.79,0.8663,-1,-1,-1
201,-1,584.56,381.61,32.57,14.44,0.8920,-1,-1,-1
201,-1,631.17,321.95,20.44,18.73,0.8912,-1,-1,-1
202,-1,586.76,381.66,33.28,14.64,0.8983,-1,-1,-1
202,-1,633.42,322.06,20.84,18.77,0.8689,-1,-1,-1
203,-1,589.30,381.83,32.35,14.73,0.8939,-1,-1,-1
203,-1,635.84,322.08,21.07,19.02,0.8679,-1,-1,-1
204,-1,591.81,381.95,32.40,14.64,0.8869,-1,-1,-1
204,-1,639.02,322.25,20.37,18.95,0.8863,-1,-1,-1
205,-1,593.86,381.85,33.42,14.85,0.8921,-1,-1,-1
205,-1,641.10,322.53,20.94,18.76,0.8680,-1,-1,-1
205,-1,993.30,284.64,30.16,12.07,0.3403,-1,-1,-1
206,-1,596.22,381.90,32.67,14.84,0.8994,-1,-1,-1
206,-1,643.81,322.66,20.86,18.72,0.8448,-1,-1,-1
207,-1,598.63,382.12,32.33,14.73,0.8878,-1,-1,-1
207,-1,646.67,322.82,20.68,18.76,0.8819,-1,-1,-1
208,-1,600.65,382.15,33.05,14.84,0.8846,-1,-1,-1
208,-1,648.76,323.07,21.18,18.63,0.8673,-1,-1,-1
209,-1,602.65,382.12,33.66,14.98,0.8927,-1,-1,-1
209,-1,651.45,323.11,21.17,18.77,0.8797,-1,-1,-1
210,-1,605.20,382.24,32.79,14.92,0.8883,-1,-1,-1
210,-1,654.10,323.09,20.88,18.94,0.8851,-1,-1,-1
211,-1,607.43,382.33,33.19,14.87,0.8845,-1,-1,-1
211,-1,656.58,323.19,20.95,18.75,0.8712,-1,-1,-1
212,-1,609.70,382.31,33.69,14.79,0.8858,-1,-1,-1
212,-1,658.78,323.10,21.32,18.93,0.8581,-1,-1,-1
213,-1,612.03,382.21,33.09,14.94,0.8964,-1,-1,-1
213,-1,661.38,323.13,20.95,18.84,0.8811,-1,-1,-1
214,-1,614.27,382.20,32.69,14.83,0.8877,-1,-1,-1
214,-1,663.75,323.02,21.31,18.71,0.8721,-1,-1,-1
215,-1,616.60,382.12,32.56,14.81,0.8826,-1,-1,-1
215,-1,665.75,322.97,21.82,18.69,0.8747,-1,-1,-1
216,-1,618.59,381.93,33.61,14.85,0.8934,-1,-1,-1
216,-1,668.18,322.73,21.58,18.80,0.8818,-1,-1,-1
216,-1,0.00,0.00,14.47,35.45,0.6554,-1,-1,-1
217,-1,670.65,322.58,21.62,18.68,0.8803,-1,-1,-1
217,-1,620.96,381.77,33.17,14.96,0.8779,-1,-1,-1
217,-1,0.00,0.04,21.05,32.97,0.7122,-1,-1,-1
218,-1,623.03,381.82,33.64,14.84,0.8965,-1,-1,-1
218,-1,672.97,322.56,21.70,18.65,0.8788,-1,-1,-1
218,-1,0.00,0.04,27.50,35.07,0.8201,-1,-1,-1
219,-1,625.17,381.62,34.06,14.84,0.8978,-1,-1,-1
219,-1,675.13,322.19,22.15,18.83,0.8831,-1,-1,-1
219,-1,0.00,0.00,34.26,36.43,0.8432,-1,-1,-1
219,-1,0.00,133.45,10.02,45.41,0.2904,-1,-1,-1
220,-1,627.21,381.41,33.61,14.88,0.8963,-1,-1,-1
220,-1,677.61,322.02,22.10,18.64,0.8946,-1,-1,-1
220,-1,0.00,0.00,40.84,36.64,0.7950,-1,-1,-1
220,-1,0.00,133.67,15.92,45.91,0.2644,-1,-1,-1
221,-1,629.36,381.34,33.85,14.86,0.9055,-1,-1,-1
221,-1,680.09,321.80,22.01,18.76,0.8820,-1,-1,-1
221,-1,0.00,0.00,47.34,36.42,0.7956,-1,-1,-1
221,-1,0.00,138.69,21.63,40.43,0.4406,-1,-1,-1
222,-1,631.53,381.28,33.90,14.58,0.9019,-1,-1,-1
222,-1,682.38,321.58,22.22,18.79,0.8828,-1,-1,-1
222,-1,0.00,0.00,54.38,37.98,0.7053,-1,-1,-1
222,-1,0.00,138.72,27.01,40.55,0.6525,-1,-1,-1
223,-1,633.58,381.08,34.42,14.72,0.9078,-1,-1,-1
223,-1,684.78,321.27,22.06,18.82,0.8951,-1,-1,-1
223,-1,0.00,0.00,61.29,38.68,0.7187,-1,-1,-1
223,-1,0.00,140.70,32.35,41.34,0.5607,-1,-1,-1
223,-1,1010.30,307.46,13.70,14.62,0.2803,-1,-1,-1
223,-1,0.00,139.87,32.78,64.40,0.2634,-1,-1,-1
224,-1,635.54,380.92,34.72,14.86,0.9059,-1,-1,-1
224,-1,686.73,321.21,22.64,18.66,0.8852,-1,-1,-1
224,-1,0.00,0.00,67.68,38.28,0.6965,-1,-1,-1
224,-1,0.00,141.35,38.08,46.05,0.6474,-1,-1,-1
224,-1,0.00,141.40,38.17,47.25,0.3375,-1,-1,-1
225,-1,638.25,380.94,34.47,14.77,0.9069,-1,-1,-1
225,-1,689.32,321.29,22.45,18.48,0.8884,-1,-1,-1
225,-1,0.05,140.90,43.56,46.49,0.7240,-1,-1,-1
225,-1,0.00,0.00,74.91,38.99,0.7098,-1,-1,-1
225,-1,0.00,137.30,8.67,37.23,0.3228,-1,-1,-1
226,-1,640.43,380.88,34.48,14.70,0.9043,-1,-1,-1
226,-1,691.74,321.13,22.66,18.61,0.8956,-1,-1,-1
226,-1,0.00,141.30,49.81,44.67,0.8173,-1,-1,-1
226,-1,6.97,0.00,75.84,38.47,0.7096,-1,-1,-1
226,-1,0.00,106.73,16.91,73.69,0.5361,-1,-1,-1
227,-1,642.33,380.83,34.64,14.86,0.9043,-1,-1,-1
227,-1,694.08,321.17,22.89,18.42,0.8883,-1,-1,-1
227,-1,7.51,141.16,48.10,44.74,0.7952,-1,-1,-1
227,-1,13.52,0.00,76.03,38.39,0.7318,-1,-1,-1
227,-1,0.00,91.56,25.54,91.44,0.6587,-1,-1,-1
228,-1,644.69,380.83,34.34,14.98,0.9055,-1,-1,-1
228,-1,696.64,321.17,23.15,18.54,0.8878,-1,-1,-1
228,-1,0.00,93.76,34.38,86.33,0.8149,-1,-1,-1
228,-1,19.68,0.00,77.57,37.87,0.6747,-1,-1,-1
228,-1,12.76,140.73,48.75,45.23,0.3622,-1,-1,-1
229,-1,647.13,380.86,33.82,14.93,0.9041,-1,-1,-1
229,-1,699.14,321.30,23.07,18.49,0.8899,-1,-1,-1
229,-1,0.08,89.44,43.80,91.52,0.8653,-1,-1,-1
229,-1,28.76,0.00,76.07,39.44,0.7187,-1,-1,-1
230,-1,649.12,380.92,34.89,14.91,0.9053,-1,-1,-1
230,-1,0.00,88.01,52.89,92.75,0.9052,-1,-1,-1
230,-1,701.86,321.26,22.98,18.67,0.8864,-1,-1,-1
230,-1,37.32,0.00,75.19,40.24,0.6910,-1,-1,-1
231,-1,651.40,380.92,35.16,14.94,0.9068,-1,-1,-1
231,-1,0.06,79.93,61.47,99.94,0.9013,-1,-1,-1
231,-1,704.21,321.46,23.14,18.78,0.8918,-1,-1,-1
231,-1,47.71,0.00,72.39,39.05,0.7088,-1,-1,-1
232,-1,0.00,75.16,70.57,103.77,0.9202,-1,-1,-1
232,-1,653.86,381.14,35.24,14.87,0.9072,-1,-1,-1
232,-1,707.09,321.70,22.86,18.74,0.8912,-1,-1,-1
232,-1,60.37,0.00,67.62,38.45,0.7538,-1,-1,-1
233,-1,0.01,74.09,79.91,104.18,0.9279,-1,-1,-1
233,-1,656.14,381.39,35.60,14.65,0.8990,-1,-1,-1
233,-1,709.76,321.88,22.71,18.80,0.8929,-1,-1,-1
233,-1,67.74,0.00,67.92,37.92,0.7263,-1,-1,-1
233,-1,0.00,231.26,6.14,31.01,0.3135,-1,-1,-1
234,-1,0.00,68.09,89.47,109.77,0.9438,-1,-1,-1
234,-1,658.47,381.51,34.76,14.93,0.9034,-1,-1,-1
234,-1,712.28,322.25,23.07,18.67,0.8808,-1,-1,-1
234,-1,0.00,229.88,13.98,37.75,0.7661,-1,-1,-1
234,-1,79.97,0.03,63.11,36.71,0.7411,-1,-1,-1
235,-1,0.02,65.31,98.69,111.93,0.9471,-1,-1,-1
235,-1,660.98,381.67,34.54,15.03,0.8966,-1,-1,-1
235,-1,714.80,322.42,23.08,18.79,0.8847,-1,-1,-1
235,-1,0.00,228.36,21.51,38.55,0.8435,-1,-1,-1
235,-1,81.23,0.00,70.31,37.14,0.6550,-1,-1,-1
236,-1,0.20,64.36,108.11,112.57,0.9501,-1,-1,-1
236,-1,0.00,226.63,29.29,42.30,0.8949,-1,-1,-1
236,-1,662.90,382.00,35.06,14.81,0.8930,-1,-1,-1
236,-1,717.30,322.64,23.03,18.71,0.8825,-1,-1,-1
236,-1,95.24,0.04,63.83,34.77,0.6950,-1,-1,-1
237,-1,0.05,64.92,117.32,111.55,0.9514,-1,-1,-1
237,-1,0.00,225.98,36.84,44.57,0.9063,-1,-1,-1
237,-1,665.46,381.98,35.07,15.00,0.8945,-1,-1,-1
237,-1,720.04,322.96,22.89,18.59,0.8801,-1,-1,-1
237,-1,97.13,0.00,70.99,35.28,0.6104,-1,-1,-1
238,-1,0.16,64.54,126.68,111.55,0.9531,-1,-1,-1
238,-1,0.01,225.79,44.32,44.94,0.9168,-1,-1,-1
238,-1,667.18,382.23,35.74,15.01,0.8977,-1,-1,-1
238,-1,722.51,323.15,23.04,18.74,0.8771,-1,-1,-1
238,-1,107.11,0.00,71.61,32.96,0.6617,-1,-1,-1
239,-1,0.14,64.24,136.49,111.39,0.9537,-1,-1,-1
239,-1,0.01,225.49,51.18,47.28,0.9144,-1,-1,-1
239,-1,670.41,382.45,34.63,14.88,0.8894,-1,-1,-1
239,-1,725.35,323.36,22.97,18.72,0.8853,-1,-1,-1
239,-1,115.18,0.00,68.90,33.31,0.6393,-1,-1,-1
240,-1,0.00,64.15,146.03,111.27,0.9518,-1,-1,-1
240,-1,0.05,225.29,58.59,46.50,0.9304,-1,-1,-1
240,-1,672.01,382.66,35.46,14.78,0.8895,-1,-1,-1
240,-1,727.38,323.49,23.39,18.58,0.8767,-1,-1,-1
240,-1,124.82,0.00,66.46,34.14,0.6614,-1,-1,-1
241,-1,0.00,63.94,155.23,111.29,0.9530,-1,-1,-1
241,-1,0.18,225.39,65.61,45.36,0.9294,-1,-1,-1
241,-1,730.13,323.56,23.24,18.74,0.8815,-1,-1,-1
241,-1,674.21,382.69,35.02,15.01,0.8798,-1,-1,-1
241,-1,130.21,0.00,68.33,34.67,0.6171,-1,-1,-1
242,-1,2.09,64.03,162.27,111.22,0.9528,-1,-1,-1
242,-1,6.03,225.36,66.82,45.51,0.9264,-1,-1,-1
242,-1,732.44,323.76,23.27,18.52,0.8971,-1,-1,-1
242,-1,676.58,382.69,34.61,15.00,0.8919,-1,-1,-1
242,-1,138.85,0.00,67.39,35.70,0.5763,-1,-1,-1
243,-1,11.74,64.12,161.55,111.09,0.9612,-1,-1,-1
243,-1,13.87,225.42,66.11,45.42,0.9249,-1,-1,-1
243,-1,678.84,382.73,35.47,14.84,0.8902,-1,-1,-1
243,-1,735.11,323.62,23.19,18.70,0.8771,-1,-1,-1
243,-1,148.24,0.00,66.91,35.08,0.5951,-1,-1,-1
244,-1,21.21,64.24,161.09,111.19,0.9535,-1,-1,-1
244,-1,21.69,225.37,65.43,45.77,0.9291,-1,-1,-1
244,-1,681.06,382.66,35.39,15.01,0.8763,-1,-1,-1
244,-1,737.09,323.39,23.79,18.92,0.8735,-1,-1,-1
244,-1,156.09,0.00,65.32,36.63,0.5534,-1,-1,-1
245,-1,30.11,64.55,161.91,111.03,0.9519,-1,-1,-1
245,-1,29.61,225.72,64.43,45.63,0.9321,-1,-1,-1
245,-1,739.39,323.53,23.98,18.65,0.8919,-1,-1,-1
245,-1,682.89,382.54,35.66,15.00,0.8782,-1,-1,-1
245,-1,163.95,0.00,64.98,32.87,0.6465,-1,-1,-1
246,-1,39.03,65.27,161.67,110.64,0.9621,-1,-1,-1
246,-1,37.17,226.31,64.11,45.45,0.9312,-1,-1,-1
246,-1,685.86,382.40,35.26,14.85,0.8945,-1,-1,-1
246,-1,742.27,323.41,23.29,18.57,0.8780,-1,-1,-1
246,-1,174.22,0.02,61.56,34.53,0.6784,-1,-1,-1
247,-1,48.09,65.47,161.47,110.84,0.9518,-1,-1,-1
247,-1,44.88,226.70,63.14,45.43,0.9326,-1,-1,-1
247,-1,687.53,382.16,36.20,14.95,0.8941,-1,-1,-1
247,-1,744.49,323.12,23.82,18.61,0.8734,-1,-1,-1
247,-1,180.95,0.07,60.47,33.77,0.7367,-1,-1,-1
248,-1,56.69,65.79,162.26,111.06,0.9557,-1,-1,-1
248,-1,52.28,227.09,62.67,45.36,0.9331,-1,-1,-1
248,-1,689.88,381.93,35.34,14.92,0.8952,-1,-1,-1
248,-1,747.05,323.15,23.43,18.38,0.8858,-1,-1,-1
248,-1,190.80,0.01,64.06,35.40,0.7048,-1,-1,-1
249,-1,65.64,66.36,161.85,110.76,0.9539,-1,-1,-1
249,-1,60.31,227.57,61.60,45.51,0.9357,-1,-1,-1
249,-1,692.00,381.72,35.55,14.99,0.8998,-1,-1,-1
249,-1,749.14,322.68,23.94,18.56,0.8815,-1,-1,-1
249,-1,196.42,0.04,62.80,34.97,0.7626,-1,-1,-1
249,-1,201.94,74.46,22.56,30.44,0.3582,-1,-1,-1
250,-1,74.51,66.66,161.55,110.69,0.9567,-1,-1,-1
250,-1,67.68,228.13,61.69,45.52,0.9355,-1,-1,-1
250,-1,694.40,381.56,36.24,14.94,0.8998,-1,-1,-1
250,-1,751.41,322.29,24.16,18.67,0.8806,-1,-1,-1
250,-1,201.10,0.00,61.97,35.64,0.7013,-1,-1,-1
251,-1,83.41,67.15,161.10,110.26,0.9553,-1,-1,-1
251,-1,75.60,228.45,60.46,45.46,0.9347,-1,-1,-1
251,-1,696.14,381.34,36.22,14.69,0.8995,-1,-1,-1
251,-1,754.11,322.23,23.78,18.42,0.8816,-1,-1,-1
251,-1,209.40,0.00,59.94,37.57,0.7131,-1,-1,-1
252,-1,92.13,67.65,161.41,110.15,0.9546,-1,-1,-1
252,-1,83.25,228.90,60.55,45.51,0.9336,-1,-1,-1
252,-1,698.50,381.08,36.47,14.84,0.9058,-1,-1,-1
252,-1,756.59,321.66,23.68,18.60,0.8982,-1,-1,-1
252,-1,217.44,0.00,57.15,38.80,0.7976,-1,-1,-1
253,-1,100.93,67.76,161.80,110.33,0.9552,-1,-1,-1
253,-1,91.33,229.18,58.82,45.77,0.9298,-1,-1,-1
253,-1,700.61,380.98,36.41,14.82,0.9114,-1,-1,-1
253,-1,758.76,321.36,24.00,18.65,0.8863,-1,-1,-1
253,-1,225.48,0.00,55.19,38.63,0.7872,-1,-1,-1
254,-1,109.71,68.06,161.77,109.98,0.9549,-1,-1,-1
254,-1,99.04,229.42,57.53,45.76,0.9286,-1,-1,-1
254,-1,702.63,380.81,37.07,14.64,0.9078,-1,-1,-1
254,-1,761.08,321.22,24.13,18.33,0.8855,-1,-1,-1
254,-1,232.84,0.00,56.92,38.75,0.7746,-1,-1,-1
255,-1,118.64,68.12,161.91,110.30,0.9569,-1,-1,-1
255,-1,106.55,229.72,57.28,45.78,0.9258,-1,-1,-1
255,-1,705.05,380.69,36.45,14.61,0.9003,-1,-1,-1
255,-1,763.42,321.07,24.32,18.45,0.8961,-1,-1,-1
255,-1,243.20,0.00,53.01,39.89,0.7645,-1,-1,-1
256,-1,128.14,68.34,161.40,109.77,0.9570,-1,-1,-1
256,-1,113.85,229.73,56.85,45.85,0.9253,-1,-1,-1
256,-1,707.21,380.41,36.70,14.91,0.9084,-1,-1,-1
256,-1,766.02,320.97,24.06,18.37,0.8831,-1,-1,-1
256,-1,251.13,0.00,51.76,41.36,0.6967,-1,-1,-1
257,-1,136.96,68.28,161.52,110.27,0.9578,-1,-1,-1
257,-1,121.93,229.79,56.10,45.89,0.9271,-1,-1,-1
257,-1,709.45,380.38,36.52,14.88,0.9073,-1,-1,-1
257,-1,768.13,320.78,24.50,18.49,0.8863,-1,-1,-1
257,-1,261.65,0.00,48.01,40.77,0.7856,-1,-1,-1
258,-1,146.50,68.34,161.19,109.84,0.9560,-1,-1,-1
258,-1,129.11,229.92,56.05,45.70,0.9281,-1,-1,-1
258,-1,711.41,380.34,36.60,14.84,0.9041,-1,-1,-1
258,-1,771.08,320.86,24.23,18.45,0.8910,-1,-1,-1
258,-1,270.76,0.00,47.00,37.66,0.7971,-1,-1,-1
259,-1,155.56,68.24,161.30,110.12,0.9558,-1,-1,-1
259,-1,137.38,229.88,54.95,45.67,0.9308,-1,-1,-1
259,-1,713.76,380.43,36.75,14.71,0.9006,-1,-1,-1
259,-1,773.61,320.90,23.83,18.41,0.8847,-1,-1,-1
259,-1,278.10,0.00,47.44,39.66,0.8296,-1,-1,-1
260,-1,165.20,67.87,161.17,110.27,0.9562,-1,-1,-1
260,-1,145.28,229.45,54.60,46.08,0.9273,-1,-1,-1
260,-1,715.99,380.42,36.98,14.87,0.9094,-1,-1,-1
260,-1,775.44,320.86,24.81,18.54,0.8862,-1,-1,-1
260,-1,286.11,0.00,47.03,37.76,0.8388,-1,-1,-1
260,-1,200.62,148.82,32.08,37.82,0.3038,-1,-1,-1
261,-1,174.30,67.86,161.49,110.00,0.9537,-1,-1,-1
261,-1,153.11,229.25,54.00,45.97,0.9298,-1,-1,-1
261,-1,718.25,380.75,37.33,14.62,0.9057,-1,-1,-1
261,-1,778.36,321.20,24.58,18.45,0.8926,-1,-1,-1
261,-1,294.65,0.00,45.88,36.59,0.8186,-1,-1,-1
261,-1,207.06,147.57,33.26,38.80,0.3870,-1,-1,-1
262,-1,184.07,67.63,161.16,110.01,0.9573,-1,-1,-1
262,-1,161.31,229.00,53.23,45.70,0.9276,-1,-1,-1
262,-1,720.65,381.08,37.18,14.55,0.8966,-1,-1,-1
262,-1,781.30,321.38,24.11,18.43,0.8878,-1,-1,-1
262,-1,302.55,0.00,46.58,35.83,0.8158,-1,-1,-1
262,-1,213.35,145.69,34.04,40.93,0.4422,-1,-1,-1
263,-1,194.13,67.33,160.87,109.84,0.9547,-1,-1,-1
263,-1,168.87,228.53,53.33,45.90,0.9319,-1,-1,-1
263,-1,722.66,381.08,37.25,14.85,0.9017,-1,-1,-1
263,-1,783.42,321.78,24.69,18.44,0.8876,-1,-1,-1
263,-1,219.96,143.75,33.78,42.86,0.8382,-1,-1,-1
263,-1,311.50,0.00,49.23,37.21,0.7775,-1,-1,-1
264,-1,203.53,67.00,160.87,110.28,0.9549,-1,-1,-1
264,-1,177.16,228.19,52.23,45.51,0.9310,-1,-1,-1
264,-1,725.23,381.35,37.49,14.71,0.9001,-1,-1,-1
264,-1,786.01,322.17,24.72,18.35,0.8843,-1,-1,-1
264,-1,225.92,141.69,48.99,44.80,0.8506,-1,-1,-1
264,-1,318.60,0.03,49.71,36.22,0.7879,-1,-1,-1
265,-1,213.65,66.60,160.71,110.48,0.9558,-1,-1,-1
265,-1,185.47,228.02,51.54,45.47,0.9330,-1,-1,-1
265,-1,727.18,381.61,37.51,14.83,0.8977,-1,-1,-1
265,-1,788.88,322.40,24.54,18.61,0.8899,-1,-1,-1
265,-1,232.59,140.21,49.17,45.34,0.8576,-1,-1,-1
265,-1,326.64,0.00,51.56,36.51,0.7508,-1,-1,-1
266,-1,223.20,66.45,160.67,110.45,0.9533,-1,-1,-1
266,-1,193.58,227.57,51.00,45.86,0.9337,-1,-1,-1
266,-1,729.93,381.81,37.33,14.94,0.8984,-1,-1,-1
266,-1,791.32,322.90,24.75,18.23,0.8733,-1,-1,-1
266,-1,238.63,139.42,45.10,45.87,0.8088,-1,-1,-1
266,-1,335.35,0.00,48.47,34.33,0.7249,-1,-1,-1
267,-1,233.12,66.25,160.52,110.61,0.9566,-1,-1,-1
267,-1,202.20,227.28,50.18,45.40,0.9361,-1,-1,-1
267,-1,732.39,382.09,37.05,14.82,0.8997,-1,-1,-1
267,-1,793.76,323.18,24.61,18.34,0.8788,-1,-1,-1
267,-1,245.42,138.05,46.29,46.64,0.8268,-1,-1,-1
267,-1,343.94,0.00,46.62,33.09,0.7846,-1,-1,-1
268,-1,243.11,66.13,159.82,110.55,0.9530,-1,-1,-1
268,-1,209.44,227.06,50.19,45.69,0.9328,-1,-1,-1
268,-1,251.75,138.08,49.13,47.08,0.9138,-1,-1,-1
268,-1,734.49,382.50,37.49,14.63,0.8927,-1,-1,-1
268,-1,796.60,323.55,24.52,18.30,0.8869,-1,-1,-1
268,-1,351.78,0.02,48.03,33.86,0.7572,-1,-1,-1
269,-1,252.96,65.84,159.46,111.03,0.9553,-1,-1,-1
269,-1,218.87,226.79,48.45,45.46,0.9313,-1,-1,-1
269,-1,257.29,138.08,50.28,46.64,0.9150,-1,-1,-1
269,-1,736.93,382.87,36.78,14.64,0.8883,-1,-1,-1
269,-1,799.18,323.73,24.69,18.47,0.8731,-1,-1,-1
269,-1,360.45,0.02,46.65,34.26,0.7295,-1,-1,-1
270,-1,261.94,65.62,160.46,110.93,0.9563,-1,-1,-1
270,-1,227.00,226.75,47.88,45.35,0.9274,-1,-1,-1
270,-1,264.25,137.63,49.56,46.63,0.9035,-1,-1,-1
270,-1,738.27,383.00,37.43,14.72,0.8892,-1,-1,-1
270,-1,801.34,324.13,24.86,18.32,0.8867,-1,-1,-1
270,-1,367.89,0.06,50.81,33.04,0.6742,-1,-1,-1
271,-1,271.55,65.61,160.04,111.22,0.9536,-1,-1,-1
271,-1,235.08,226.64,47.35,45.27,0.9290,-1,-1,-1
271,-1,269.89,137.39,50.70,47.25,0.9146,-1,-1,-1
271,-1,804.31,324.24,24.71,18.42,0.8960,-1,-1,-1
271,-1,740.98,383.17,37.41,14.67,0.8909,-1,-1,-1
271,-1,376.13,0.05,47.89,35.25,0.6980,-1,-1,-1
272,-1,281.15,65.48,159.98,111.27,0.9569,-1,-1,-1
272,-1,242.69,226.59,46.84,45.41,0.9269,-1,-1,-1
272,-1,275.99,137.53,50.46,46.73,0.9151,-1,-1,-1
272,-1,743.23,383.22,37.67,14.69,0.8899,-1,-1,-1
272,-1,806.94,324.29,24.84,18.66,0.8869,-1,-1,-1
272,-1,384.15,0.09,48.50,33.87,0.7376,-1,-1,-1
273,-1,290.34,65.67,160.03,111.20,0.9541,-1,-1,-1
273,-1,250.24,226.79,46.40,45.26,0.9273,-1,-1,-1
273,-1,281.90,137.56,50.37,47.27,0.9058,-1,-1,-1
273,-1,745.47,383.24,37.52,14.84,0.8910,-1,-1,-1
273,-1,809.57,324.35,24.62,18.56,0.8888,-1,-1,-1
273,-1,392.19,0.05,47.66,33.25,0.7621,-1,-1,-1
274,-1,299.31,65.72,160.12,111.47,0.9562,-1,-1,-1
274,-1,257.71,226.70,46.67,45.66,0.9294,-1,-1,-1
274,-1,288.74,137.57,49.99,47.19,0.9117,-1,-1,-1
274,-1,747.74,383.22,37.53,14.85,0.8964,-1,-1,-1
274,-1,811.78,324.28,24.85,18.74,0.8948,-1,-1,-1
274,-1,399.71,0.11,47.78,33.82,0.7415,-1,-1,-1
275,-1,308.09,65.92,160.65,111.34,0.9558,-1,-1,-1
275,-1,265.83,226.78,45.17,45.67,0.9287,-1,-1,-1
275,-1,294.01,137.65,50.29,46.69,0.9106,-1,-1,-1
275,-1,750.24,383.14,37.63,14.75,0.8885,-1,-1,-1
275,-1,814.30,324.16,24.94,18.71,0.8851,-1,-1,-1
275,-1,406.45,0.11,45.02,33.27,0.6640,-1,-1,-1
276,-1,315.64,66.36,161.85,111.14,0.9567,-1,-1,-1
276,-1,274.05,226.89,44.48,45.73,0.9262,-1,-1,-1
276,-1,300.26,137.86,49.88,46.77,0.9148,-1,-1,-1
276,-1,752.15,382.96,37.88,14.96,0.8857,-1,-1,-1
276,-1,816.65,324.19,25.00,18.39,0.8807,-1,-1,-1
276,-1,411.71,0.02,50.14,32.93,0.4967,-1,-1,-1
277,-1,325.48,66.37,161.44,110.86,0.9566,-1,-1,-1
277,-1,281.77,226.99,42.94,45.65,0.9253,-1,-1,-1
277,-1,305.70,138.24,50.11,46.22,0.9168,-1,-1,-1
277,-1,819.03,323.74,24.82,18.69,0.8925,-1,-1,-1
277,-1,754.15,382.83,37.79,14.80,0.8910,-1,-1,-1
277,-1,419.39,0.02,50.00,33.88,0.5209,-1,-1,-1
278,-1,334.77,66.64,160.75,110.72,0.9559,-1,-1,-1
278,-1,289.41,227.34,42.79,45.70,0.9237,-1,-1,-1
278,-1,756.68,382.54,37.96,14.78,0.8940,-1,-1,-1
278,-1,821.65,323.53,24.89,18.57,0.8812,-1,-1,-1
278,-1,311.76,138.22,50.02,46.88,0.8804,-1,-1,-1
278,-1,423.17,0.03,54.25,33.94,0.6133,-1,-1,-1
279,-1,342.14,66.56,162.23,110.97,0.9577,-1,-1,-1
279,-1,296.91,227.53,42.40,45.94,0.9253,-1,-1,-1
279,-1,319.38,138.28,47.66,47.19,0.9085,-1,-1,-1
279,-1,758.40,382.18,38.46,14.81,0.8934,-1,-1,-1
279,-1,823.55,323.04,25.61,18.59,0.8784,-1,-1,-1
279,-1,429.81,0.04,53.34,34.69,0.5831,-1,-1,-1
280,-1,352.70,66.81,160.57,110.69,0.9553,-1,-1,-1
280,-1,303.91,227.90,43.18,45.49,0.9291,-1,-1,-1
280,-1,327.81,138.53,44.79,46.60,0.9135,-1,-1,-1
280,-1,761.07,381.84,38.09,14.92,0.8977,-1,-1,-1
280,-1,825.93,322.88,25.50,18.38,0.8798,-1,-1,-1
280,-1,439.97,0.01,50.22,35.09,0.6546,-1,-1,-1
281,-1,360.89,66.83,161.00,110.96,0.9571,-1,-1,-1
281,-1,311.54,228.15,41.63,45.21,0.9263,-1,-1,-1
281,-1,762.78,381.61,38.95,14.94,0.9101,-1,-1,-1
281,-1,334.29,138.75,44.52,47.24,0.9094,-1,-1,-1
281,-1,828.26,322.25,25.44,18.75,0.8947,-1,-1,-1
281,-1,444.23,0.04,51.83,35.71,0.6269,-1,-1,-1
282,-1,367.69,66.92,163.17,110.74,0.9554,-1,-1,-1
282,-1,319.11,228.15,41.61,45.57,0.9265,-1,-1,-1
282,-1,765.17,381.29,38.83,14.79,0.9086,-1,-1,-1
282,-1,341.39,138.87,42.64,48.08,0.9051,-1,-1,-1
282,-1,830.57,322.00,25.62,18.64,0.8872,-1,-1,-1
282,-1,450.96,0.01,51.10,34.62,0.5577,-1,-1,-1
283,-1,375.46,66.81,163.93,110.92,0.9563,-1,-1,-1
283,-1,326.54,228.43,40.59,45.42,0.9246,-1,-1,-1
283,-1,767.69,381.10,38.13,14.70,0.9060,-1,-1,-1
283,-1,832.99,321.42,25.49,18.74,0.8921,-1,-1,-1
283,-1,347.30,139.14,42.85,48.88,0.8869,-1,-1,-1
283,-1,457.20,0.17,52.17,34.17,0.5271,-1,-1,-1
284,-1,383.94,66.83,164.71,110.78,0.9553,-1,-1,-1
284,-1,334.21,228.39,40.77,45.36,0.9231,-1,-1,-1
284,-1,769.54,380.79,38.46,14.63,0.9096,-1,-1,-1
284,-1,835.15,321.26,25.98,18.35,0.8935,-1,-1,-1
284,-1,356.81,140.48,38.65,47.27,0.8436,-1,-1,-1
284,-1,463.92,0.02,49.83,36.90,0.7080,-1,-1,-1
285,-1,394.59,66.69,162.88,110.89,0.9620,-1,-1,-1
285,-1,341.72,228.10,39.63,46.13,0.9193,-1,-1,-1
285,-1,771.92,380.38,38.29,14.92,0.9132,-1,-1,-1
285,-1,837.96,321.00,25.66,18.26,0.8931,-1,-1,-1
285,-1,364.58,141.23,36.99,45.72,0.6540,-1,-1,-1
285,-1,472.12,0.29,49.31,36.08,0.4993,-1,-1,-1
286,-1,401.26,66.75,165.09,110.45,0.9555,-1,-1,-1
286,-1,349.38,228.32,39.33,45.60,0.9231,-1,-1,-1
286,-1,774.01,380.16,38.52,14.94,0.9121,-1,-1,-1
286,-1,840.06,320.74,25.79,18.34,0.8909,-1,-1,-1
286,-1,371.89,142.33,36.20,45.50,0.7291,-1,-1,-1
286,-1,479.05,0.28,50.95,35.62,0.5869,-1,-1,-1
287,-1,409.83,66.57,165.82,110.56,0.9567,-1,-1,-1
287,-1,356.96,228.30,39.12,45.59,0.9243,-1,-1,-1
287,-1,776.29,380.06,38.49,14.89,0.9063,-1,-1,-1
287,-1,842.44,320.43,25.97,18.55,0.8978,-1,-1,-1
288,-1,418.75,66.32,165.83,110.43,0.9552,-1,-1,-1
288,-1,364.83,228.70,38.44,45.19,0.9259,-1,-1,-1
288,-1,778.40,380.03,38.60,14.81,0.9170,-1,-1,-1
288,-1,844.92,320.46,25.49,18.19,0.8878,-1,-1,-1
289,-1,428.89,66.17,165.08,110.73,0.9547,-1,-1,-1
289,-1,372.73,228.72,37.98,45.10,0.9255,-1,-1,-1
289,-1,780.78,379.93,38.59,14.89,0.9203,-1,-1,-1
289,-1,847.02,320.48,26.20,18.18,0.8919,-1,-1,-1
290,-1,437.43,66.45,165.22,110.15,0.9564,-1,-1,-1
290,-1,380.55,228.58,37.36,45.11,0.9227,-1,-1,-1
290,-1,782.87,379.98,38.62,14.87,0.9056,-1,-1,-1
290,-1,849.78,320.55,26.37,18.25,0.8928,-1,-1,-1
291,-1,446.53,66.72,166.29,110.33,0.9558,-1,-1,-1
291,-1,785.18,380.16,38.93,14.73,0.9118,-1,-1,-1
291,-1,388.72,227.79,36.56,45.93,0.9049,-1,-1,-1
291,-1,852.39,320.69,25.86,18.20,0.8886,-1,-1,-1
292,-1,455.82,66.44,166.61,110.71,0.9558,-1,-1,-1
292,-1,396.78,228.17,36.53,45.22,0.9104,-1,-1,-1
292,-1,787.41,380.23,39.09,14.90,0.9082,-1,-1,-1
292,-1,854.77,320.94,26.25,18.25,0.8906,-1,-1,-1
293,-1,465.07,65.99,167.10,111.38,0.9559,-1,-1,-1
293,-1,789.60,380.60,39.15,14.68,0.9075,-1,-1,-1
293,-1,404.91,228.04,36.35,45.38,0.9070,-1,-1,-1
293,-1,857.26,321.17,26.49,18.32,0.8966,-1,-1,-1
294,-1,475.21,66.04,166.77,111.50,0.9582,-1,-1,-1
294,-1,791.97,380.98,39.39,14.57,0.9033,-1,-1,-1
294,-1,413.37,227.11,34.43,46.20,0.8987,-1,-1,-1
294,-1,859.76,321.45,26.40,18.48,0.8952,-1,-1,-1
295,-1,484.64,66.11,166.79,111.15,0.9556,-1,-1,-1
295,-1,421.58,227.84,33.95,45.39,0.9118,-1,-1,-1
295,-1,794.20,381.18,39.43,14.76,0.9096,-1,-1,-1
295,-1,862.16,322.05,26.83,18.39,0.8884,-1,-1,-1
296,-1,494.20,66.55,167.24,110.78,0.9558,-1,-1,-1
296,-1,796.61,381.38,39.51,14.96,0.9113,-1,-1,-1
296,-1,429.90,227.83,33.98,44.92,0.9092,-1,-1,-1
296,-1,864.77,322.38,26.78,18.55,0.8815,-1,-1,-1
296,-1,552.06,0.05,34.21,13.57,0.2517,-1,-1,-1
297,-1,503.35,66.73,167.38,110.68,0.9569,-1,-1,-1
297,-1,799.07,381.83,38.72,14.90,0.8972,-1,-1,-1
297,-1,437.39,228.83,34.04,43.85,0.8968,-1,-1,-1
297,-1,867.42,322.92,26.95,18.36,0.8873,-1,-1,-1
298,-1,513.23,66.84,167.51,110.49,0.9560,-1,-1,-1
298,-1,801.28,382.05,39.37,14.96,0.8949,-1,-1,-1
298,-1,869.87,323.27,27.12,18.50,0.8732,-1,-1,-1
298,-1,445.34,227.94,32.77,45.20,0.8011,-1,-1,-1
298,-1,568.97,0.00,34.18,17.40,0.4281,-1,-1,-1
299,-1,523.07,67.04,167.63,110.49,0.9573,-1,-1,-1
299,-1,803.37,382.51,39.10,14.91,0.8948,-1,-1,-1
299,-1,872.51,323.80,26.80,18.40,0.8942,-1,-1,-1
299,-1,453.52,227.25,32.16,45.38,0.7118,-1,-1,-1
300,-1,532.66,67.26,167.57,110.62,0.9558,-1,-1,-1
300,-1,875.22,324.07,26.93,18.47,0.9015,-1,-1,-1
300,-1,805.90,382.86,39.22,14.87,0.8926,-1,-1,-1
300,-1,462.32,228.87,31.13,43.48,0.8744,-1,-1,-1
301,-1,542.05,67.38,168.20,110.72,0.9582,-1,-1,-1
301,-1,877.98,324.35,26.89,18.61,0.8907,-1,-1,-1
301,-1,807.52,383.18,39.77,14.85,0.8903,-1,-1,-1
301,-1,469.24,228.61,31.92,44.57,0.8636,-1,-1,-1
302,-1,550.89,67.58,168.84,110.65,0.9590,-1,-1,-1
302,-1,880.11,324.72,27.20,18.55,0.8918,-1,-1,-1
302,-1,810.25,383.38,39.31,14.91,0.8897,-1,-1,-1
302,-1,477.70,229.24,31.18,43.44,0.7154,-1,-1,-1
302,-1,605.86,0.00,49.18,17.51,0.2630,-1,-1,-1
303,-1,560.46,67.64,168.64,110.60,0.9566,-1,-1,-1
303,-1,812.42,383.58,39.42,14.84,0.8922,-1,-1,-1
303,-1,882.86,324.87,26.71,18.54,0.8906,-1,-1,-1
303,-1,485.28,228.78,31.11,43.97,0.8125,-1,-1,-1
303,-1,614.74,0.00,50.18,18.50,0.4283,-1,-1,-1
304,-1,569.72,67.65,168.93,110.55,0.9590,-1,-1,-1
304,-1,814.72,383.63,39.52,14.88,0.8931,-1,-1,-1
304,-1,885.35,324.94,27.23,18.49,0.8566,-1,-1,-1
304,-1,622.74,0.00,51.12,17.85,0.3211,-1,-1,-1
305,-1,578.64,68.02,169.13,110.19,0.9553,-1,-1,-1
305,-1,816.68,383.66,39.49,14.75,0.8884,-1,-1,-1
305,-1,887.41,324.92,27.49,18.56,0.8881,-1,-1,-1
305,-1,501.76,229.70,29.39,42.80,0.8680,-1,-1,-1
306,-1,587.11,67.89,170.11,110.48,0.9580,-1,-1,-1
306,-1,818.58,383.47,40.14,14.97,0.8908,-1,-1,-1
306,-1,890.36,324.82,26.81,18.46,0.8907,-1,-1,-1
306,-1,509.48,230.01,28.79,42.54,0.7498,-1,-1,-1
307,-1,596.38,67.82,170.00,110.97,0.9556,-1,-1,-1
307,-1,821.30,383.37,39.82,14.89,0.8920,-1,-1,-1
307,-1,892.76,324.64,27.26,18.46,0.8904,-1,-1,-1
307,-1,516.82,230.28,28.79,42.10,0.8468,-1,-1,-1
308,-1,604.90,67.81,170.32,110.91,0.9577,-1,-1,-1
308,-1,823.58,383.11,39.92,14.92,0.8914,-1,-1,-1
308,-1,894.83,324.13,27.34,18.65,0.8745,-1,-1,-1
309,-1,613.41,67.71,170.75,111.10,0.9576,-1,-1,-1
309,-1,897.35,323.93,27.46,18.50,0.8950,-1,-1,-1
309,-1,825.82,382.94,39.69,14.67,0.8940,-1,-1,-1
310,-1,622.06,67.47,170.86,110.59,0.9569,-1,-1,-1
310,-1,828.05,382.44,39.90,14.71,0.9001,-1,-1,-1
310,-1,899.49,323.47,27.81,18.52,0.8984,-1,-1,-1
311,-1,630.99,67.45,171.13,110.35,0.9591,-1,-1,-1
311,-1,830.16,381.96,40.16,14.84,0.8980,-1,-1,-1
311,-1,902.13,323.10,27.67,18.28,0.8798,-1,-1,-1
312,-1,639.08,67.37,171.65,110.28,0.9553,-1,-1,-1
312,-1,832.52,381.51,40.04,15.09,0.9022,-1,-1,-1
312,-1,904.25,322.42,27.48,18.58,0.8758,-1,-1,-1
313,-1,647.91,66.82,172.17,110.87,0.9632,-1,-1,-1
313,-1,834.21,381.15,40.91,14.90,0.8978,-1,-1,-1
313,-1,906.53,322.08,27.97,18.52,0.8931,-1,-1,-1
314,-1,656.15,66.44,172.42,110.95,0.9542,-1,-1,-1
314,-1,836.66,380.85,40.28,14.84,0.9083,-1,-1,-1
314,-1,908.90,321.48,27.81,18.44,0.8814,-1,-1,-1
315,-1,665.34,66.51,172.47,111.15,0.9616,-1,-1,-1
315,-1,838.27,380.40,41.38,14.94,0.9048,-1,-1,-1
315,-1,911.09,321.15,28.37,18.36,0.8954,-1,-1,-1
316,-1,673.50,66.06,173.72,111.10,0.9554,-1,-1,-1
316,-1,840.87,379.97,40.53,15.05,0.9167,-1,-1,-1
316,-1,913.78,320.89,27.66,18.08,0.8900,-1,-1,-1
317,-1,682.37,65.79,173.66,111.42,0.9564,-1,-1,-1
317,-1,842.90,379.73,40.66,15.00,0.9166,-1,-1,-1
317,-1,915.90,320.51,28.42,18.08,0.8794,-1,-1,-1
318,-1,691.15,65.57,173.94,111.01,0.9623,-1,-1,-1
318,-1,845.26,379.46,39.83,15.22,0.9071,-1,-1,-1
318,-1,918.53,320.17,28.00,18.36,0.8924,-1,-1,-1
319,-1,700.18,65.40,173.68,111.08,0.9564,-1,-1,-1
319,-1,847.42,379.43,40.78,15.18,0.9089,-1,-1,-1
319,-1,920.98,320.07,28.21,18.24,0.8919,-1,-1,-1
320,-1,709.22,65.36,174.48,109.82,0.9589,-1,-1,-1
320,-1,849.51,379.38,41.14,15.15,0.9148,-1,-1,-1
320,-1,923.12,320.02,28.58,18.26,0.8927,-1,-1,-1
321,-1,718.31,65.50,174.59,109.98,0.9634,-1,-1,-1
321,-1,852.21,379.39,40.29,15.24,0.9106,-1,-1,-1
321,-1,925.90,320.23,28.39,18.22,0.8976,-1,-1,-1
322,-1,727.63,65.35,174.76,110.36,0.9596,-1,-1,-1
322,-1,854.36,379.65,40.83,15.08,0.9126,-1,-1,-1
322,-1,928.17,320.23,28.65,18.35,0.8895,-1,-1,-1
323,-1,736.62,65.56,175.71,110.24,0.9610,-1,-1,-1
323,-1,856.62,379.87,40.91,15.08,0.9185,-1,-1,-1
323,-1,930.61,320.44,28.87,18.24,0.8889,-1,-1,-1
324,-1,745.87,65.85,175.32,110.20,0.9580,-1,-1,-1
324,-1,858.44,380.12,41.24,15.04,0.9161,-1,-1,-1
324,-1,933.71,320.95,28.37,18.24,0.8949,-1,-1,-1
325,-1,755.37,66.38,175.98,110.12,0.9584,-1,-1,-1
325,-1,860.89,380.79,41.19,14.72,0.9068,-1,-1,-1
325,-1,935.87,321.19,28.73,18.39,0.8932,-1,-1,-1
326,-1,765.08,66.62,176.09,110.20,0.9546,-1,-1,-1
326,-1,863.08,381.01,41.57,14.76,0.9067,-1,-1,-1
326,-1,938.44,321.74,28.97,18.58,0.8954,-1,-1,-1
327,-1,774.10,66.94,176.84,110.34,0.9642,-1,-1,-1
327,-1,865.19,381.41,42.07,14.92,0.8971,-1,-1,-1
327,-1,941.25,322.26,28.63,18.64,0.8886,-1,-1,-1
328,-1,783.83,67.47,176.87,110.06,0.9613,-1,-1,-1
328,-1,868.02,381.84,40.85,14.97,0.9050,-1,-1,-1
328,-1,943.75,322.90,28.71,18.37,0.8835,-1,-1,-1
329,-1,793.57,68.09,176.20,110.05,0.9582,-1,-1,-1
329,-1,870.21,382.47,41.25,14.74,0.8969,-1,-1,-1
329,-1,946.09,323.40,29.14,18.51,0.8941,-1,-1,-1
330,-1,802.98,68.56,176.83,110.21,0.9582,-1,-1,-1
330,-1,948.77,323.85,28.85,18.57,0.8958,-1,-1,-1
330,-1,872.76,382.93,40.91,14.81,0.8933,-1,-1,-1
331,-1,812.66,69.01,177.19,110.09,0.9559,-1,-1,-1
331,-1,951.33,324.33,28.92,18.60,0.8909,-1,-1,-1
331,-1,874.54,383.23,41.52,14.85,0.8905,-1,-1,-1
332,-1,821.63,69.23,177.70,110.69,0.9578,-1,-1,-1
332,-1,876.82,383.59,41.29,15.00,0.8974,-1,-1,-1
332,-1,954.18,324.79,28.79,18.58,0.8909,-1,-1,-1
333,-1,831.60,69.47,177.60,110.59,0.9578,-1,-1,-1
333,-1,956.59,325.14,28.88,18.45,0.8945,-1,-1,-1
333,-1,878.85,383.84,41.59,15.05,0.8936,-1,-1,-1
333,-1,818.38,0.00,34.92,31.57,0.3490,-1,-1,-1
334,-1,840.53,69.58,177.85,110.63,0.9572,-1,-1,-1
334,-1,881.04,383.87,42.05,15.14,0.8897,-1,-1,-1
334,-1,958.81,325.26,29.31,18.63,0.8894,-1,-1,-1
335,-1,849.18,69.82,174.82,110.61,0.9581,-1,-1,-1
335,-1,883.33,384.03,42.05,15.10,0.8982,-1,-1,-1
335,-1,961.64,325.30,28.92,18.67,0.8858,-1,-1,-1
335,-1,830.18,0.00,47.89,35.15,0.4495,-1,-1,-1
336,-1,858.01,69.63,165.99,110.74,0.9574,-1,-1,-1
336,-1,885.80,384.09,41.97,14.85,0.8981,-1,-1,-1
336,-1,964.07,325.29,28.96,18.58,0.8961,-1,-1,-1
336,-1,836.59,0.00,50.63,37.39,0.3786,-1,-1,-1
337,-1,867.76,69.66,156.24,110.57,0.9570,-1,-1,-1
337,-1,966.29,325.18,29.51,18.67,0.8978,-1,-1,-1
337,-1,888.15,383.97,41.66,15.13,0.8938,-1,-1,-1
337,-1,839.95,0.00,58.20,35.97,0.5175,-1,-1,-1
338,-1,876.02,69.49,147.98,110.52,0.9564,-1,-1,-1
338,-1,890.00,383.85,42.14,14.96,0.8925,-1,-1,-1
338,-1,968.47,325.04,29.68,18.49,0.8909,-1,-1,-1
338,-1,849.57,0.01,59.47,34.32,0.3945,-1,-1,-1
339,-1,884.60,69.31,139.40,110.47,0.9563,-1,-1,-1
339,-1,892.60,383.58,42.04,15.02,0.8971,-1,-1,-1
339,-1,971.00,324.77,29.58,18.36,0.8932,-1,-1,-1
339,-1,855.24,0.00,65.26,34.07,0.6476,-1,-1,-1
340,-1,893.14,68.98,130.86,110.01,0.9549,-1,-1,-1
340,-1,973.81,324.11,29.24,18.60,0.8953,-1,-1,-1
340,-1,894.83,383.02,42.29,14.91,0.8915,-1,-1,-1
340,-1,861.38,0.00,69.43,32.91,0.6780,-1,-1,-1
341,-1,902.01,68.64,121.99,109.64,0.9538,-1,-1,-1
341,-1,897.12,382.72,42.15,14.80,0.8940,-1,-1,-1
341,-1,975.65,323.74,29.50,18.44,0.8934,-1,-1,-1
341,-1,867.61,0.03,73.53,32.14,0.6648,-1,-1,-1
342,-1,910.22,67.88,113.78,110.05,0.9467,-1,-1,-1
342,-1,898.95,381.97,42.43,15.01,0.9032,-1,-1,-1
342,-1,977.89,323.14,30.34,18.44,0.8872,-1,-1,-1
342,-1,874.13,0.03,75.53,31.02,0.6263,-1,-1,-1
343,-1,918.65,67.41,105.27,108.50,0.9466,-1,-1,-1
343,-1,901.44,381.79,42.77,14.85,0.9055,-1,-1,-1
343,-1,980.35,322.50,29.93,18.57,0.8855,-1,-1,-1
343,-1,881.79,0.05,76.82,31.09,0.7065,-1,-1,-1
344,-1,927.55,66.06,96.45,109.49,0.9321,-1,-1,-1
344,-1,903.31,381.14,42.94,14.72,0.9034,-1,-1,-1
344,-1,982.73,321.96,29.96,18.45,0.9011,-1,-1,-1
344,-1,889.04,0.03,78.07,29.98,0.7234,-1,-1,-1
345,-1,935.59,66.18,88.41,108.23,0.9288,-1,-1,-1
345,-1,905.34,380.70,43.00,14.72,0.9081,-1,-1,-1
345,-1,985.34,321.45,29.98,18.22,0.8847,-1,-1,-1
345,-1,897.59,0.00,76.52,29.35,0.7639,-1,-1,-1
346,-1,907.62,380.22,43.27,14.91,0.9084,-1,-1,-1
346,-1,944.17,65.78,79.83,108.71,0.9074,-1,-1,-1
346,-1,987.31,320.97,30.24,18.18,0.8907,-1,-1,-1
346,-1,904.10,0.00,78.96,29.19,0.7914,-1,-1,-1
347,-1,909.86,379.84,43.02,14.91,0.9109,-1,-1,-1
347,-1,952.59,65.87,71.41,104.72,0.9039,-1,-1,-1
347,-1,989.90,320.63,30.06,18.03,0.8900,-1,-1,-1
347,-1,910.34,0.00,81.34,28.45,0.8229,-1,-1,-1
348,-1,912.25,379.41,42.83,15.08,0.9167,-1,-1,-1
348,-1,992.17,320.10,29.44,18.18,0.8709,-1,-1,-1
348,-1,961.08,64.96,62.92,105.25,0.8636,-1,-1,-1
348,-1,914.09,0.05,89.68,28.79,0.6659,-1,-1,-1
349,-1,913.93,379.06,43.27,14.83,0.9061,-1,-1,-1
349,-1,994.32,319.67,28.70,18.24,0.8765,-1,-1,-1
349,-1,969.24,65.26,54.76,105.50,0.8316,-1,-1,-1
349,-1,922.86,0.06,87.72,28.00,0.7548,-1,-1,-1
350,-1,916.74,379.00,42.88,14.86,0.9112,-1,-1,-1
350,-1,997.35,319.63,26.48,18.12,0.8776,-1,-1,-1
350,-1,928.35,0.00,95.16,28.24,0.7691,-1,-1,-1
350,-1,978.28,65.63,45.72,101.50,0.5813,-1,-1,-1
350,-1,977.98,65.38,46.02,100.18,0.3875,-1,-1,-1
351,-1,918.69,379.01,43.14,14.74,0.9115,-1,-1,-1
351,-1,999.59,319.60,24.41,18.05,0.8712,-1,-1,-1
351,-1,986.80,66.66,37.20,98.74,0.7591,-1,-1,-1
351,-1,936.89,0.00,87.11,27.99,0.7413,-1,-1,-1
352,-1,920.99,379.04,42.92,14.80,0.9092,-1,-1,-1
352,-1,1001.82,319.73,22.18,18.21,0.8702,-1,-1,-1
352,-1,746.38,137.16,35.55,31.49,0.8130,-1,-1,-1
352,-1,941.40,0.00,82.60,27.95,0.6993,-1,-1,-1
352,-1,995.26,64.08,28.74,97.60,0.6699,-1,-1,-1
353,-1,922.98,379.25,43.52,14.75,0.9080,-1,-1,-1
353,-1,1004.53,319.89,19.47,17.98,0.8558,-1,-1,-1
353,-1,950.47,0.00,73.53,27.67,0.7397,-1,-1,-1
353,-1,1004.45,80.23,19.55,72.75,0.5065,-1,-1,-1
354,-1,925.28,379.60,43.77,14.78,0.9166,-1,-1,-1
354,-1,1006.84,320.10,17.16,17.89,0.8491,-1,-1,-1
354,-1,958.24,0.00,65.76,28.06,0.8056,-1,-1,-1
354,-1,758.30,137.44,40.11,36.40,0.3974,-1,-1,-1
355,-1,927.73,379.92,43.42,14.87,0.9136,-1,-1,-1
355,-1,1009.97,320.23,14.03,17.40,0.7794,-1,-1,-1
355,-1,764.92,137.79,42.42,38.78,0.7341,-1,-1,-1
355,-1,965.02,0.00,58.98,28.82,0.7019,-1,-1,-1
356,-1,929.94,380.35,43.68,14.84,0.9052,-1,-1,-1
356,-1,771.31,137.92,44.68,40.89,0.7998,-1,-1,-1
356,-1,972.34,0.12,51.66,29.04,0.7145,-1,-1,-1
356,-1,1012.69,320.86,11.31,16.60,0.6304,-1,-1,-1
357,-1,932.33,380.81,43.66,14.68,0.9099,-1,-1,-1
357,-1,777.63,138.34,46.87,41.84,0.6570,-1,-1,-1
357,-1,1014.69,321.19,9.31,17.87,0.4615,-1,-1,-1
358,-1,934.39,381.43,43.78,14.72,0.9075,-1,-1,-1
358,-1,784.00,138.75,48.84,44.49,0.7770,-1,-1,-1
359,-1,937.05,381.78,43.55,14.99,0.9072,-1,-1,-1
359,-1,790.61,139.14,50.98,45.14,0.8622,-1,-1,-1
360,-1,937.66,391.02,44.15,14.90,0.8960,-1,-1,-1
360,-1,797.43,146.28,52.77,47.17,0.7281,-1,-1,-1
