1,-1,566.31,341.29,122.47,55.85,0.9460,-1,-1,-1
1,-1,973.83,243.69,49.81,34.82,0.9098,-1,-1,-1
1,-1,988.61,323.17,21.01,15.63,0.8820,-1,-1,-1
1,-1,933.83,263.22,20.62,25.75,0.7833,-1,-1,-1
1,-1,539.52,313.96,23.30,14.21,0.7610,-1,-1,-1
2,-1,566.62,334.47,122.16,55.66,0.9457,-1,-1,-1
2,-1,973.69,241.64,49.90,34.99,0.9184,-1,-1,-1
2,-1,988.62,321.18,21.09,15.46,0.8714,-1,-1,-1
2,-1,933.65,261.05,21.21,26.48,0.8702,-1,-1,-1
2,-1,539.73,311.99,22.75,13.93,0.8229,-1,-1,-1
3,-1,562.35,339.11,122.40,55.56,0.9422,-1,-1,-1
3,-1,974.45,253.59,49.36,33.79,0.9092,-1,-1,-1
3,-1,987.67,332.41,21.88,15.58,0.8831,-1,-1,-1
3,-1,934.23,271.69,20.96,25.50,0.8621,-1,-1,-1
3,-1,539.33,313.19,23.62,14.22,0.8375,-1,-1,-1
4,-1,554.61,341.11,121.96,55.26,0.9475,-1,-1,-1
4,-1,974.26,258.14,49.38,33.62,0.9179,-1,-1,-1
4,-1,985.91,337.26,21.45,15.64,0.8701,-1,-1,-1
4,-1,933.16,276.03,21.39,25.31,0.8611,-1,-1,-1
4,-1,538.28,313.83,22.11,14.41,0.8383,-1,-1,-1
4,-1,849.43,57.23,23.93,13.69,0.4855,-1,-1,-1
5,-1,544.56,339.08,121.20,55.43,0.9433,-1,-1,-1
5,-1,970.52,253.72,51.89,34.08,0.9108,-1,-1,-1
5,-1,982.45,333.16,21.21,15.55,0.8775,-1,-1,-1
5,-1,929.81,271.98,21.49,25.65,0.8393,-1,-1,-1
5,-1,534.42,313.31,22.47,14.29,0.8357,-1,-1,-1
5,-1,911.24,249.42,19.24,26.32,0.5420,-1,-1,-1
6,-1,531.47,334.23,119.48,56.01,0.9436,-1,-1,-1
6,-1,963.81,240.42,50.97,34.93,0.9127,-1,-1,-1
6,-1,977.51,319.63,20.73,16.24,0.8772,-1,-1,-1
6,-1,923.69,260.34,19.63,25.83,0.8445,-1,-1,-1
6,-1,528.51,312.07,22.46,13.88,0.8190,-1,-1,-1
6,-1,904.64,238.17,18.53,25.82,0.4735,-1,-1,-1
7,-1,521.04,333.72,118.35,56.13,0.9465,-1,-1,-1
7,-1,960.71,238.89,50.57,35.12,0.9088,-1,-1,-1
7,-1,974.01,318.42,21.00,15.61,0.8759,-1,-1,-1
7,-1,920.56,258.24,19.97,26.54,0.8405,-1,-1,-1
7,-1,524.71,311.92,23.16,13.89,0.8227,-1,-1,-1
8,-1,511.51,333.64,117.99,56.15,0.9460,-1,-1,-1
8,-1,957.48,238.45,50.78,35.21,0.9063,-1,-1,-1
8,-1,971.47,318.25,20.35,15.91,0.8781,-1,-1,-1
8,-1,917.67,258.67,20.14,26.29,0.8469,-1,-1,-1
8,-1,522.05,311.68,22.81,14.08,0.7647,-1,-1,-1
8,-1,888.47,235.89,27.83,26.21,0.6000,-1,-1,-1
9,-1,501.89,333.68,117.03,56.36,0.9450,-1,-1,-1
9,-1,954.62,238.26,50.37,35.43,0.9084,-1,-1,-1
9,-1,968.32,318.16,20.53,15.90,0.8707,-1,-1,-1
9,-1,915.29,259.16,18.84,25.96,0.8463,-1,-1,-1
9,-1,518.95,311.77,22.47,14.13,0.8414,-1,-1,-1
9,-1,885.15,235.81,27.97,27.21,0.3876,-1,-1,-1
10,-1,492.89,333.87,115.68,56.20,0.9462,-1,-1,-1
10,-1,952.16,238.39,49.86,35.32,0.9120,-1,-1,-1
10,-1,965.84,318.12,19.97,15.83,0.8672,-1,-1,-1
10,-1,516.00,311.82,22.64,14.09,0.8470,-1,-1,-1
10,-1,912.79,257.87,19.63,27.18,0.8155,-1,-1,-1
10,-1,890.26,236.08,20.09,26.70,0.4708,-1,-1,-1
11,-1,483.16,333.86,115.79,56.28,0.9462,-1,-1,-1
11,-1,949.27,238.80,49.79,35.32,0.9176,-1,-1,-1
11,-1,962.89,318.26,20.16,16.11,0.8712,-1,-1,-1
11,-1,513.03,311.55,22.65,14.31,0.8322,-1,-1,-1
11,-1,909.91,259.15,19.46,25.71,0.7999,-1,-1,-1
11,-1,888.68,235.89,18.67,27.18,0.6093,-1,-1,-1
12,-1,474.08,334.00,114.72,56.19,0.9456,-1,-1,-1
12,-1,946.09,239.17,50.35,35.16,0.9125,-1,-1,-1
12,-1,960.07,319.04,19.98,15.60,0.8775,-1,-1,-1
12,-1,907.64,259.46,18.88,25.80,0.8416,-1,-1,-1
12,-1,510.73,311.72,22.21,14.19,0.8335,-1,-1,-1
12,-1,886.51,237.27,18.11,26.22,0.2599,-1,-1,-1
13,-1,464.64,334.15,114.08,56.04,0.9441,-1,-1,-1
13,-1,943.96,239.64,49.40,35.23,0.9113,-1,-1,-1
13,-1,956.94,319.27,20.43,15.73,0.8790,-1,-1,-1
13,-1,905.43,259.55,18.61,26.85,0.8572,-1,-1,-1
13,-1,507.72,311.70,22.03,14.12,0.8236,-1,-1,-1
13,-1,876.83,237.04,24.97,26.87,0.4978,-1,-1,-1
14,-1,455.18,334.36,112.94,55.79,0.9466,-1,-1,-1
14,-1,940.78,240.41,50.14,34.81,0.9080,-1,-1,-1
14,-1,954.07,319.79,20.26,16.03,0.8663,-1,-1,-1
14,-1,902.72,260.00,19.30,26.98,0.8603,-1,-1,-1
14,-1,504.57,311.70,22.47,14.63,0.8039,-1,-1,-1
14,-1,880.71,237.77,18.39,25.92,0.5208,-1,-1,-1
15,-1,446.32,334.33,111.94,55.87,0.9443,-1,-1,-1
15,-1,938.58,240.76,49.62,34.89,0.9135,-1,-1,-1
15,-1,951.66,320.41,20.02,15.73,0.8696,-1,-1,-1
15,-1,900.59,259.83,18.53,26.74,0.8529,-1,-1,-1
15,-1,500.73,311.71,23.22,14.63,0.7797,-1,-1,-1
15,-1,870.70,238.23,26.05,26.48,0.2882,-1,-1,-1
16,-1,437.06,334.42,110.86,55.74,0.9458,-1,-1,-1
16,-1,936.21,241.26,49.07,35.28,0.9153,-1,-1,-1
16,-1,948.20,320.91,20.50,16.12,0.8739,-1,-1,-1
16,-1,499.16,311.74,22.06,14.37,0.8462,-1,-1,-1
16,-1,897.96,260.17,19.26,27.32,0.8374,-1,-1,-1
16,-1,865.46,238.48,28.92,26.64,0.7130,-1,-1,-1
17,-1,427.92,334.48,109.75,55.73,0.9454,-1,-1,-1
17,-1,932.76,241.96,49.72,35.00,0.9128,-1,-1,-1
17,-1,945.43,321.67,20.40,15.59,0.8537,-1,-1,-1
17,-1,895.54,261.18,19.43,27.05,0.8313,-1,-1,-1
17,-1,496.13,311.73,22.00,14.37,0.8096,-1,-1,-1
17,-1,868.75,239.12,22.97,26.07,0.4352,-1,-1,-1
17,-1,606.62,303.52,42.43,78.08,0.2885,-1,-1,-1
17,-1,862.20,239.58,28.91,22.87,0.2503,-1,-1,-1
18,-1,418.62,334.28,109.12,55.86,0.9421,-1,-1,-1
18,-1,930.92,242.82,49.15,34.73,0.9180,-1,-1,-1
18,-1,943.11,322.23,19.84,16.03,0.8412,-1,-1,-1
18,-1,492.86,311.82,22.71,14.23,0.8315,-1,-1,-1
18,-1,893.21,262.21,17.57,26.05,0.7700,-1,-1,-1
18,-1,596.72,304.15,43.52,77.76,0.4890,-1,-1,-1
18,-1,869.02,240.03,19.46,25.99,0.3217,-1,-1,-1
19,-1,409.01,334.17,108.21,55.91,0.9478,-1,-1,-1
19,-1,927.72,243.32,49.78,34.75,0.9172,-1,-1,-1
19,-1,940.20,322.80,19.69,15.71,0.8617,-1,-1,-1
19,-1,890.56,262.35,19.19,26.89,0.8037,-1,-1,-1
19,-1,491.10,311.81,19.66,14.10,0.7818,-1,-1,-1
19,-1,587.41,304.08,44.17,77.86,0.7235,-1,-1,-1
19,-1,865.38,240.14,20.21,25.93,0.5065,-1,-1,-1
20,-1,400.19,334.02,107.30,55.97,0.9434,-1,-1,-1
20,-1,924.26,243.53,50.13,34.80,0.9131,-1,-1,-1
20,-1,577.68,303.81,45.21,78.53,0.8633,-1,-1,-1
20,-1,937.93,323.00,19.28,15.96,0.8597,-1,-1,-1
20,-1,888.02,262.53,19.32,26.48,0.8260,-1,-1,-1
20,-1,858.60,240.95,24.39,25.24,0.4138,-1,-1,-1
21,-1,390.31,333.94,105.97,56.01,0.9460,-1,-1,-1
21,-1,921.93,243.99,50.12,34.65,0.9190,-1,-1,-1
21,-1,934.71,323.77,19.35,15.31,0.8497,-1,-1,-1
21,-1,885.92,263.56,17.94,25.86,0.8113,-1,-1,-1
21,-1,567.75,303.23,46.00,79.64,0.8025,-1,-1,-1
21,-1,852.69,240.58,27.23,25.94,0.6157,-1,-1,-1
22,-1,381.40,333.97,105.23,55.93,0.9474,-1,-1,-1
22,-1,918.53,244.21,50.44,34.87,0.9100,-1,-1,-1
22,-1,931.83,323.70,19.57,15.58,0.8625,-1,-1,-1
22,-1,883.14,263.23,19.09,26.50,0.8349,-1,-1,-1
22,-1,556.75,303.23,48.01,80.06,0.7163,-1,-1,-1
22,-1,856.87,241.27,20.09,25.87,0.5143,-1,-1,-1
23,-1,371.84,333.84,104.15,55.93,0.9420,-1,-1,-1
23,-1,915.85,244.30,49.92,34.72,0.9165,-1,-1,-1
23,-1,928.89,323.47,19.66,16.08,0.8630,-1,-1,-1
23,-1,546.46,303.32,48.83,80.14,0.8157,-1,-1,-1
23,-1,880.48,263.31,18.59,26.53,0.8081,-1,-1,-1
23,-1,855.07,241.22,19.29,25.36,0.6719,-1,-1,-1
24,-1,362.09,333.80,103.17,55.93,0.9460,-1,-1,-1
24,-1,913.51,244.20,49.60,34.52,0.9186,-1,-1,-1
24,-1,925.83,323.67,19.53,15.51,0.8574,-1,-1,-1
24,-1,536.21,303.50,50.64,80.37,0.8444,-1,-1,-1
24,-1,878.03,263.63,17.20,26.11,0.7541,-1,-1,-1
24,-1,851.83,241.13,19.27,25.89,0.5091,-1,-1,-1
25,-1,352.87,333.80,102.03,55.97,0.9464,-1,-1,-1
25,-1,910.66,243.88,49.48,34.65,0.9118,-1,-1,-1
25,-1,525.82,303.34,51.46,80.55,0.8367,-1,-1,-1
25,-1,922.28,323.44,20.02,15.64,0.8268,-1,-1,-1
25,-1,875.20,263.49,18.26,26.02,0.8139,-1,-1,-1
25,-1,848.98,240.82,18.98,26.03,0.6214,-1,-1,-1
26,-1,343.08,333.75,100.82,55.93,0.9434,-1,-1,-1
26,-1,908.20,243.46,48.89,34.46,0.9195,-1,-1,-1
26,-1,515.02,303.29,53.57,80.53,0.8929,-1,-1,-1
26,-1,872.24,262.77,18.58,26.62,0.8413,-1,-1,-1
26,-1,919.00,323.34,20.59,15.73,0.8411,-1,-1,-1
26,-1,844.45,240.34,20.73,25.71,0.6923,-1,-1,-1
27,-1,333.51,333.88,99.81,56.00,0.9448,-1,-1,-1
27,-1,905.49,243.09,48.11,34.62,0.9166,-1,-1,-1
27,-1,504.96,303.53,54.50,80.62,0.8821,-1,-1,-1
27,-1,916.75,322.56,19.49,16.11,0.8447,-1,-1,-1
27,-1,869.89,262.57,17.06,26.14,0.7910,-1,-1,-1
27,-1,840.46,239.93,21.79,26.35,0.6574,-1,-1,-1
28,-1,323.83,333.92,98.98,56.04,0.9459,-1,-1,-1
28,-1,901.91,242.62,49.03,34.69,0.9120,-1,-1,-1
28,-1,493.92,303.26,56.33,80.48,0.8812,-1,-1,-1
28,-1,912.57,321.97,20.71,15.82,0.8458,-1,-1,-1
28,-1,866.89,262.21,17.98,26.02,0.7733,-1,-1,-1
28,-1,840.83,240.02,18.28,25.09,0.5488,-1,-1,-1
29,-1,313.92,334.02,97.63,56.13,0.9450,-1,-1,-1
29,-1,483.45,303.38,57.38,80.36,0.9157,-1,-1,-1
29,-1,898.71,241.78,48.55,34.96,0.9149,-1,-1,-1
29,-1,909.77,321.60,20.10,15.68,0.8309,-1,-1,-1
29,-1,864.10,261.51,17.98,26.78,0.7594,-1,-1,-1
29,-1,832.85,239.17,22.83,25.93,0.5894,-1,-1,-1
30,-1,304.59,334.28,96.36,56.01,0.9432,-1,-1,-1
30,-1,472.69,303.44,59.12,80.71,0.9124,-1,-1,-1
30,-1,896.41,241.35,47.67,34.79,0.9108,-1,-1,-1
30,-1,906.83,320.90,20.16,16.04,0.8623,-1,-1,-1
30,-1,833.92,238.75,18.66,25.53,0.6313,-1,-1,-1
30,-1,861.66,261.27,16.95,25.61,0.4501,-1,-1,-1
31,-1,294.49,334.44,96.18,56.14,0.9482,-1,-1,-1
31,-1,461.76,302.69,60.76,82.05,0.9168,-1,-1,-1
31,-1,892.50,240.78,47.89,34.86,0.9126,-1,-1,-1
31,-1,903.83,320.44,20.03,16.11,0.8586,-1,-1,-1
31,-1,858.53,260.67,17.47,26.22,0.6756,-1,-1,-1
31,-1,829.09,238.41,20.37,26.30,0.6401,-1,-1,-1
32,-1,285.10,334.77,94.37,56.21,0.9439,-1,-1,-1
32,-1,450.90,303.09,62.79,81.68,0.9209,-1,-1,-1
32,-1,889.13,240.33,48.24,34.91,0.9115,-1,-1,-1
32,-1,900.96,320.03,20.05,15.50,0.8551,-1,-1,-1
32,-1,855.83,260.22,18.32,26.33,0.6990,-1,-1,-1
32,-1,824.33,237.56,22.12,26.35,0.6204,-1,-1,-1
33,-1,275.25,334.92,93.18,56.13,0.9450,-1,-1,-1
33,-1,440.61,303.34,64.14,81.72,0.9272,-1,-1,-1
33,-1,886.15,239.88,48.04,34.95,0.9107,-1,-1,-1
33,-1,898.15,319.59,19.49,15.17,0.8569,-1,-1,-1
33,-1,825.02,237.35,18.22,25.90,0.5601,-1,-1,-1
34,-1,265.41,335.24,92.25,56.08,0.9491,-1,-1,-1
34,-1,430.05,303.28,65.54,81.63,0.9273,-1,-1,-1
34,-1,883.55,239.40,47.86,35.00,0.9139,-1,-1,-1
34,-1,895.02,319.17,19.43,15.56,0.8429,-1,-1,-1
34,-1,819.40,237.13,20.83,26.16,0.6611,-1,-1,-1
34,-1,849.99,259.68,17.26,26.67,0.6018,-1,-1,-1
35,-1,255.89,335.41,90.89,56.23,0.9443,-1,-1,-1
35,-1,419.04,303.27,67.49,82.13,0.9359,-1,-1,-1
35,-1,880.57,239.13,47.37,35.06,0.9107,-1,-1,-1
35,-1,891.73,319.10,19.74,15.48,0.8823,-1,-1,-1
35,-1,813.37,236.83,24.05,26.30,0.5744,-1,-1,-1
36,-1,246.05,335.39,89.70,56.31,0.9468,-1,-1,-1
36,-1,408.83,303.32,68.29,82.71,0.9366,-1,-1,-1
36,-1,877.68,239.17,47.38,34.89,0.9142,-1,-1,-1
36,-1,888.87,318.57,19.86,16.02,0.8464,-1,-1,-1
36,-1,815.36,236.62,18.67,25.99,0.6990,-1,-1,-1
36,-1,844.85,259.03,16.95,26.26,0.4576,-1,-1,-1
37,-1,236.80,335.61,88.45,56.07,0.9463,-1,-1,-1
37,-1,398.16,303.68,70.47,82.32,0.9336,-1,-1,-1
37,-1,874.32,238.97,47.73,35.09,0.9160,-1,-1,-1
37,-1,886.27,318.84,19.32,15.54,0.8575,-1,-1,-1
37,-1,809.86,236.50,21.11,27.08,0.7694,-1,-1,-1
37,-1,842.05,259.47,17.02,26.50,0.7318,-1,-1,-1
38,-1,226.81,335.48,87.74,56.13,0.9456,-1,-1,-1
38,-1,387.58,303.80,72.84,82.33,0.9397,-1,-1,-1
38,-1,871.77,239.22,47.56,35.02,0.9132,-1,-1,-1
38,-1,883.12,318.99,19.61,15.67,0.8745,-1,-1,-1
38,-1,807.23,236.58,20.80,26.46,0.7448,-1,-1,-1
38,-1,839.84,258.98,16.14,26.47,0.2696,-1,-1,-1
39,-1,217.19,335.61,86.78,56.01,0.9472,-1,-1,-1
39,-1,377.35,303.90,74.16,82.47,0.9374,-1,-1,-1
39,-1,869.00,239.35,47.63,34.91,0.9160,-1,-1,-1
39,-1,880.17,318.97,19.75,15.66,0.8552,-1,-1,-1
39,-1,804.79,237.29,20.16,27.05,0.7869,-1,-1,-1
40,-1,207.55,335.47,85.83,56.01,0.9437,-1,-1,-1
40,-1,366.68,303.93,76.25,82.60,0.9348,-1,-1,-1
40,-1,866.13,239.63,47.33,35.13,0.9145,-1,-1,-1
40,-1,877.62,319.42,19.58,15.62,0.8584,-1,-1,-1
40,-1,800.99,237.10,21.37,26.36,0.7663,-1,-1,-1
40,-1,430.45,311.98,18.73,14.13,0.6228,-1,-1,-1
40,-1,834.26,260.30,16.51,25.63,0.3385,-1,-1,-1
41,-1,198.19,335.16,84.80,56.16,0.9462,-1,-1,-1
41,-1,356.74,303.31,77.84,82.74,0.9413,-1,-1,-1
41,-1,863.80,240.33,46.99,34.63,0.9149,-1,-1,-1
41,-1,874.49,319.76,19.86,15.86,0.8688,-1,-1,-1
41,-1,799.78,237.89,19.90,26.56,0.8151,-1,-1,-1
41,-1,427.03,312.01,19.20,14.02,0.7937,-1,-1,-1
42,-1,188.79,335.10,83.66,55.99,0.9429,-1,-1,-1
42,-1,346.21,303.25,80.15,83.01,0.9410,-1,-1,-1
42,-1,860.94,240.72,47.43,34.54,0.9151,-1,-1,-1
42,-1,871.67,320.00,19.45,16.34,0.8558,-1,-1,-1
42,-1,797.38,238.16,19.43,25.66,0.7786,-1,-1,-1
42,-1,423.77,311.95,19.94,13.92,0.6750,-1,-1,-1
43,-1,179.19,334.68,82.96,55.84,0.9419,-1,-1,-1
43,-1,336.24,303.39,81.41,82.64,0.9408,-1,-1,-1
43,-1,858.38,241.25,46.53,34.82,0.9185,-1,-1,-1
43,-1,868.63,320.56,20.05,16.03,0.8829,-1,-1,-1
43,-1,421.41,311.73,19.33,14.18,0.7479,-1,-1,-1
43,-1,794.12,238.10,20.24,27.17,0.7075,-1,-1,-1
44,-1,325.86,303.87,82.75,82.17,0.9483,-1,-1,-1
44,-1,169.74,334.58,81.87,55.61,0.9440,-1,-1,-1
44,-1,855.78,241.57,47.12,34.64,0.9160,-1,-1,-1
44,-1,866.13,321.12,19.48,15.75,0.8676,-1,-1,-1
44,-1,792.44,238.87,19.31,26.02,0.8391,-1,-1,-1
44,-1,418.51,311.56,19.15,14.16,0.6879,-1,-1,-1
45,-1,315.35,303.10,84.70,82.69,0.9436,-1,-1,-1
45,-1,160.28,334.02,81.02,55.83,0.9390,-1,-1,-1
45,-1,852.86,242.12,47.20,34.42,0.9157,-1,-1,-1
45,-1,863.22,321.58,19.86,16.38,0.8625,-1,-1,-1
45,-1,789.18,238.96,19.62,25.93,0.7782,-1,-1,-1
45,-1,415.44,311.69,19.65,13.95,0.6069,-1,-1,-1
45,-1,822.22,262.00,17.01,26.34,0.3051,-1,-1,-1
46,-1,305.16,302.96,86.39,82.57,0.9474,-1,-1,-1
46,-1,150.53,333.48,80.63,56.00,0.9431,-1,-1,-1
46,-1,850.31,242.58,47.06,34.71,0.9170,-1,-1,-1
46,-1,860.47,322.08,19.57,16.15,0.8771,-1,-1,-1
46,-1,785.26,238.87,20.73,27.06,0.7919,-1,-1,-1
46,-1,411.99,311.53,20.35,14.00,0.7302,-1,-1,-1
47,-1,294.66,302.97,88.38,82.42,0.9442,-1,-1,-1
47,-1,141.06,333.06,79.15,56.05,0.9400,-1,-1,-1
47,-1,847.60,243.22,47.18,34.48,0.9167,-1,-1,-1
47,-1,857.67,322.38,19.52,16.33,0.8725,-1,-1,-1
47,-1,784.20,239.54,19.30,26.28,0.8107,-1,-1,-1
47,-1,409.41,311.36,20.00,14.07,0.7761,-1,-1,-1
48,-1,284.58,302.65,90.03,82.25,0.9472,-1,-1,-1
48,-1,131.34,332.77,78.93,56.15,0.9372,-1,-1,-1
48,-1,844.99,243.34,46.80,34.45,0.9170,-1,-1,-1
48,-1,854.95,322.78,19.20,16.05,0.8524,-1,-1,-1
48,-1,781.96,239.56,18.52,26.05,0.7749,-1,-1,-1
48,-1,405.75,311.34,20.89,13.90,0.7322,-1,-1,-1
49,-1,273.89,301.97,92.31,82.80,0.9438,-1,-1,-1
49,-1,121.99,332.68,77.66,55.94,0.9416,-1,-1,-1
49,-1,842.21,243.63,46.78,34.40,0.9212,-1,-1,-1
49,-1,851.99,323.18,19.27,16.03,0.8794,-1,-1,-1
49,-1,403.42,311.48,20.28,13.93,0.7895,-1,-1,-1
49,-1,776.50,239.65,21.28,26.23,0.7832,-1,-1,-1
50,-1,263.74,301.66,93.98,82.89,0.9485,-1,-1,-1
50,-1,112.20,332.46,76.58,56.10,0.9379,-1,-1,-1
50,-1,839.76,243.75,46.22,34.66,0.9109,-1,-1,-1
50,-1,849.00,323.16,19.57,16.35,0.8709,-1,-1,-1
50,-1,401.14,311.25,20.05,14.14,0.8128,-1,-1,-1
50,-1,776.71,240.40,18.40,25.93,0.8073,-1,-1,-1
51,-1,253.35,301.57,96.20,83.50,0.9485,-1,-1,-1
51,-1,102.17,332.41,76.16,55.94,0.9387,-1,-1,-1
51,-1,836.48,243.77,46.47,34.53,0.9199,-1,-1,-1
51,-1,846.36,323.16,19.10,15.70,0.8546,-1,-1,-1
51,-1,398.78,310.85,19.54,14.37,0.7777,-1,-1,-1
51,-1,772.14,240.27,20.07,25.43,0.7759,-1,-1,-1
52,-1,242.15,301.49,98.60,83.11,0.9567,-1,-1,-1
52,-1,92.93,332.39,74.63,55.95,0.9405,-1,-1,-1
52,-1,833.68,243.90,46.31,34.22,0.9182,-1,-1,-1
52,-1,843.29,323.18,19.17,15.72,0.8690,-1,-1,-1
52,-1,769.66,240.37,19.51,25.64,0.8151,-1,-1,-1
52,-1,395.39,310.83,19.65,14.53,0.7973,-1,-1,-1
53,-1,231.90,301.34,100.79,83.24,0.9480,-1,-1,-1
53,-1,82.99,332.39,73.66,56.22,0.9367,-1,-1,-1
53,-1,831.07,243.43,45.96,34.81,0.9142,-1,-1,-1
53,-1,840.31,322.91,19.10,16.06,0.8663,-1,-1,-1
53,-1,763.59,239.93,22.68,26.05,0.8014,-1,-1,-1
53,-1,391.89,311.02,20.15,14.41,0.7944,-1,-1,-1
54,-1,221.57,302.13,102.61,82.85,0.9511,-1,-1,-1
54,-1,73.11,332.55,72.85,56.38,0.9386,-1,-1,-1
54,-1,828.17,242.97,45.69,34.72,0.9204,-1,-1,-1
54,-1,837.56,322.49,18.93,16.46,0.8672,-1,-1,-1
54,-1,387.94,311.04,21.46,14.32,0.8225,-1,-1,-1
54,-1,761.70,239.74,21.10,26.46,0.6815,-1,-1,-1
54,-1,799.31,261.94,16.08,26.99,0.4080,-1,-1,-1
55,-1,210.08,302.39,104.85,83.03,0.9472,-1,-1,-1
55,-1,62.95,332.73,71.95,56.46,0.9394,-1,-1,-1
55,-1,825.30,242.75,45.35,34.59,0.9145,-1,-1,-1
55,-1,834.29,322.12,18.87,16.40,0.8810,-1,-1,-1
55,-1,759.75,239.58,19.91,25.65,0.8386,-1,-1,-1
55,-1,386.01,311.30,20.06,14.10,0.7622,-1,-1,-1
55,-1,796.31,260.66,16.64,27.77,0.3758,-1,-1,-1
56,-1,199.53,303.13,107.37,82.33,0.9468,-1,-1,-1
56,-1,53.13,333.21,70.78,56.28,0.9385,-1,-1,-1
56,-1,821.85,242.28,45.88,34.85,0.9146,-1,-1,-1
56,-1,831.20,321.57,19.03,16.52,0.8694,-1,-1,-1
56,-1,753.95,239.18,22.63,25.85,0.8038,-1,-1,-1
56,-1,382.33,311.27,20.52,14.56,0.7600,-1,-1,-1
57,-1,189.08,301.06,109.13,84.81,0.9482,-1,-1,-1
57,-1,43.01,333.72,70.08,56.15,0.9367,-1,-1,-1
57,-1,819.23,241.53,45.03,35.23,0.9136,-1,-1,-1
57,-1,828.07,321.03,19.21,16.46,0.8613,-1,-1,-1
57,-1,751.98,238.63,21.10,26.51,0.8541,-1,-1,-1
57,-1,379.61,311.47,19.97,14.42,0.7542,-1,-1,-1
58,-1,178.06,301.12,111.40,85.00,0.9470,-1,-1,-1
58,-1,33.21,334.41,68.47,56.09,0.9438,-1,-1,-1
58,-1,816.13,241.07,44.73,35.15,0.9144,-1,-1,-1
58,-1,824.98,320.66,19.03,16.55,0.8623,-1,-1,-1
58,-1,748.41,238.39,21.67,26.80,0.8219,-1,-1,-1
58,-1,376.62,311.65,19.80,14.45,0.8139,-1,-1,-1
59,-1,22.82,334.88,68.09,56.13,0.9507,-1,-1,-1
59,-1,166.82,303.22,114.10,83.22,0.9478,-1,-1,-1
59,-1,813.06,240.92,44.48,34.94,0.9121,-1,-1,-1
59,-1,821.73,320.21,19.30,15.99,0.8681,-1,-1,-1
59,-1,745.60,237.92,21.21,26.00,0.8087,-1,-1,-1
59,-1,374.23,311.91,19.33,14.17,0.7966,-1,-1,-1
60,-1,156.74,303.62,115.88,83.16,0.9520,-1,-1,-1
60,-1,12.75,335.54,66.95,55.87,0.9480,-1,-1,-1
60,-1,810.24,240.50,44.24,35.03,0.9116,-1,-1,-1
60,-1,818.91,319.86,18.73,16.67,0.8770,-1,-1,-1
60,-1,743.30,237.94,20.45,26.05,0.8480,-1,-1,-1
60,-1,370.72,311.72,19.74,14.42,0.8230,-1,-1,-1
61,-1,145.88,303.95,117.70,83.13,0.9508,-1,-1,-1
61,-1,2.91,335.75,65.98,56.30,0.9473,-1,-1,-1
61,-1,807.09,239.90,44.41,35.21,0.9107,-1,-1,-1
61,-1,815.59,319.45,19.22,17.46,0.8734,-1,-1,-1
61,-1,738.31,237.52,22.34,25.94,0.8446,-1,-1,-1
61,-1,366.72,312.36,20.43,14.27,0.8128,-1,-1,-1
62,-1,134.63,304.64,121.02,82.99,0.9475,-1,-1,-1
62,-1,0.24,336.60,57.65,55.86,0.9288,-1,-1,-1
62,-1,803.83,239.92,44.58,35.11,0.9109,-1,-1,-1
62,-1,812.45,319.01,19.42,16.13,0.8737,-1,-1,-1
62,-1,735.97,237.08,21.49,26.69,0.8446,-1,-1,-1
62,-1,364.60,312.36,19.31,14.27,0.8003,-1,-1,-1
63,-1,124.39,304.84,122.79,83.16,0.9534,-1,-1,-1
63,-1,0.03,336.76,46.49,55.97,0.9312,-1,-1,-1
63,-1,801.07,239.37,44.17,35.33,0.9132,-1,-1,-1
63,-1,809.23,319.03,19.37,16.07,0.8635,-1,-1,-1
63,-1,733.23,237.04,21.35,27.48,0.8386,-1,-1,-1
63,-1,361.32,312.06,19.44,14.74,0.7743,-1,-1,-1
64,-1,113.85,305.09,124.85,83.55,0.9477,-1,-1,-1
64,-1,0.00,336.92,36.03,56.16,0.9238,-1,-1,-1
64,-1,798.14,239.21,43.93,35.43,0.9108,-1,-1,-1
64,-1,806.68,318.96,19.18,16.03,0.8723,-1,-1,-1
64,-1,729.46,236.85,22.05,26.76,0.8433,-1,-1,-1
64,-1,358.55,312.35,19.40,14.49,0.7448,-1,-1,-1
65,-1,102.92,305.12,127.27,83.73,0.9509,-1,-1,-1
65,-1,795.68,239.13,43.48,35.44,0.9136,-1,-1,-1
65,-1,803.69,319.11,19.13,15.75,0.8756,-1,-1,-1
65,-1,724.88,236.68,24.07,26.82,0.8371,-1,-1,-1
65,-1,0.00,336.95,25.36,54.87,0.8129,-1,-1,-1
65,-1,355.16,312.32,19.64,14.62,0.7970,-1,-1,-1
66,-1,92.96,304.95,129.23,83.99,0.9488,-1,-1,-1
66,-1,792.56,239.33,44.14,35.38,0.9159,-1,-1,-1
66,-1,800.10,318.97,19.80,15.96,0.8730,-1,-1,-1
66,-1,722.69,237.05,23.33,26.81,0.8491,-1,-1,-1
66,-1,352.24,312.26,19.69,14.56,0.7992,-1,-1,-1
66,-1,0.00,328.43,13.85,63.86,0.6204,-1,-1,-1
67,-1,82.01,304.84,132.58,84.21,0.9481,-1,-1,-1
67,-1,790.10,239.52,43.37,35.31,0.9131,-1,-1,-1
67,-1,797.22,319.19,19.96,15.96,0.8816,-1,-1,-1
67,-1,720.11,237.12,22.68,26.98,0.8557,-1,-1,-1
67,-1,350.20,312.45,18.51,14.23,0.7380,-1,-1,-1
68,-1,71.83,304.64,134.36,84.29,0.9520,-1,-1,-1
68,-1,787.14,240.17,43.36,35.11,0.9130,-1,-1,-1
68,-1,794.59,319.61,19.70,16.53,0.8718,-1,-1,-1
68,-1,717.24,237.43,23.51,26.59,0.8441,-1,-1,-1
68,-1,346.58,311.94,19.22,14.78,0.7157,-1,-1,-1
69,-1,61.99,304.32,136.02,84.20,0.9502,-1,-1,-1
69,-1,784.38,240.44,43.63,34.95,0.9140,-1,-1,-1
69,-1,791.41,319.98,19.84,16.35,0.8740,-1,-1,-1
69,-1,714.00,237.68,24.44,27.00,0.8464,-1,-1,-1
69,-1,344.02,312.23,19.06,14.30,0.7822,-1,-1,-1
70,-1,51.50,304.08,138.72,83.95,0.9455,-1,-1,-1
70,-1,781.86,240.88,42.84,34.90,0.9122,-1,-1,-1
70,-1,788.82,320.15,19.92,16.52,0.8845,-1,-1,-1
70,-1,711.83,237.87,22.59,26.61,0.8554,-1,-1,-1
70,-1,340.71,312.06,19.35,14.21,0.7680,-1,-1,-1
71,-1,40.94,304.12,141.30,83.42,0.9527,-1,-1,-1
71,-1,779.36,241.10,42.94,35.20,0.9175,-1,-1,-1
71,-1,709.50,238.25,22.49,26.41,0.8467,-1,-1,-1
71,-1,786.63,320.75,18.82,15.72,0.8431,-1,-1,-1
71,-1,338.52,311.38,18.92,14.70,0.7791,-1,-1,-1
72,-1,30.63,303.86,143.43,82.99,0.9450,-1,-1,-1
72,-1,776.82,241.49,43.03,35.27,0.9139,-1,-1,-1
72,-1,783.57,321.05,19.52,15.99,0.8518,-1,-1,-1
72,-1,706.01,238.47,23.68,26.65,0.8313,-1,-1,-1
72,-1,335.66,311.49,18.72,14.52,0.7601,-1,-1,-1
73,-1,20.81,303.07,145.51,82.97,0.9481,-1,-1,-1
73,-1,774.29,241.82,42.56,35.34,0.9111,-1,-1,-1
73,-1,780.10,321.20,20.26,16.75,0.8672,-1,-1,-1
73,-1,703.72,238.92,22.72,26.22,0.8572,-1,-1,-1
73,-1,331.83,311.44,19.65,14.32,0.7707,-1,-1,-1
74,-1,10.03,302.04,148.08,83.40,0.9456,-1,-1,-1
74,-1,771.72,242.19,42.69,35.09,0.9156,-1,-1,-1
74,-1,778.24,321.65,19.23,16.62,0.8459,-1,-1,-1
74,-1,699.58,239.23,24.96,25.94,0.8285,-1,-1,-1
74,-1,330.51,310.96,18.31,14.53,0.7773,-1,-1,-1
75,-1,0.50,301.15,149.24,83.18,0.9462,-1,-1,-1
75,-1,768.91,242.57,42.98,34.94,0.9146,-1,-1,-1
75,-1,698.31,239.75,23.83,25.85,0.8437,-1,-1,-1
75,-1,774.84,322.10,19.46,16.49,0.8283,-1,-1,-1
75,-1,326.74,311.15,19.27,14.49,0.7084,-1,-1,-1
76,-1,0.11,300.83,141.57,83.82,0.9480,-1,-1,-1
76,-1,766.33,243.10,42.38,34.75,0.9125,-1,-1,-1
76,-1,771.40,321.99,20.06,16.46,0.8456,-1,-1,-1
76,-1,694.23,239.65,25.13,25.81,0.8370,-1,-1,-1
76,-1,323.26,310.98,20.02,14.46,0.7795,-1,-1,-1
77,-1,0.05,300.64,133.57,83.70,0.9490,-1,-1,-1
77,-1,763.73,243.26,42.25,34.49,0.9170,-1,-1,-1
77,-1,692.01,239.65,24.68,26.31,0.8419,-1,-1,-1
77,-1,769.11,322.52,19.88,16.21,0.8367,-1,-1,-1
77,-1,319.64,310.81,20.58,14.43,0.7172,-1,-1,-1
78,-1,0.00,300.47,125.39,83.74,0.9462,-1,-1,-1
78,-1,760.67,243.30,42.07,34.74,0.9112,-1,-1,-1
78,-1,691.94,239.89,21.77,26.00,0.8580,-1,-1,-1
78,-1,765.91,322.69,20.04,16.08,0.8372,-1,-1,-1
78,-1,316.86,311.15,20.96,14.12,0.6642,-1,-1,-1
79,-1,0.04,299.52,117.28,84.52,0.9519,-1,-1,-1
79,-1,758.00,243.31,42.10,34.66,0.9113,-1,-1,-1
79,-1,762.39,322.60,19.88,15.92,0.8609,-1,-1,-1
79,-1,687.38,239.66,22.37,25.64,0.8535,-1,-1,-1
79,-1,313.72,310.66,20.74,14.47,0.7051,-1,-1,-1
80,-1,0.04,299.13,108.58,85.07,0.9434,-1,-1,-1
80,-1,755.30,243.15,41.86,34.60,0.9161,-1,-1,-1
80,-1,760.42,322.64,19.45,15.89,0.8598,-1,-1,-1
80,-1,685.26,239.61,21.88,26.10,0.8568,-1,-1,-1
80,-1,311.55,310.51,19.85,14.65,0.7235,-1,-1,-1
81,-1,0.12,301.21,100.20,83.12,0.9413,-1,-1,-1
81,-1,752.16,243.18,41.46,34.53,0.9121,-1,-1,-1
81,-1,681.63,239.39,21.87,26.21,0.8546,-1,-1,-1
81,-1,757.13,322.28,19.96,16.32,0.8502,-1,-1,-1
81,-1,307.36,311.16,20.84,14.11,0.6786,-1,-1,-1
82,-1,0.00,300.66,91.87,83.90,0.9263,-1,-1,-1
82,-1,749.23,242.63,41.40,34.81,0.9139,-1,-1,-1
82,-1,678.90,239.23,21.44,26.12,0.8627,-1,-1,-1
82,-1,754.11,322.04,19.40,16.35,0.8581,-1,-1,-1
82,-1,306.53,310.62,18.90,14.92,0.7304,-1,-1,-1
83,-1,0.05,303.84,83.49,80.54,0.9197,-1,-1,-1
83,-1,746.21,242.50,40.83,34.83,0.9121,-1,-1,-1
83,-1,675.01,238.99,22.46,26.49,0.8681,-1,-1,-1
83,-1,750.97,321.73,19.46,16.34,0.8579,-1,-1,-1
83,-1,303.48,311.07,19.27,14.66,0.6152,-1,-1,-1
84,-1,743.22,242.05,40.00,35.01,0.9110,-1,-1,-1
84,-1,0.00,306.20,75.27,77.21,0.9060,-1,-1,-1
84,-1,747.94,321.36,19.75,16.34,0.8666,-1,-1,-1
84,-1,672.06,238.85,22.38,26.41,0.8597,-1,-1,-1
84,-1,299.44,311.14,20.09,14.82,0.7382,-1,-1,-1
85,-1,740.28,241.75,38.69,34.91,0.9138,-1,-1,-1
85,-1,0.00,305.70,66.14,75.56,0.9019,-1,-1,-1
85,-1,744.78,321.10,19.60,16.46,0.8738,-1,-1,-1
85,-1,669.56,238.36,21.74,26.26,0.8672,-1,-1,-1
85,-1,297.05,311.17,19.13,15.11,0.5483,-1,-1,-1
86,-1,736.89,241.34,38.15,35.03,0.9064,-1,-1,-1
86,-1,0.00,309.28,57.83,72.62,0.8776,-1,-1,-1
86,-1,741.56,320.76,19.35,16.17,0.8753,-1,-1,-1
86,-1,665.67,238.26,22.21,26.70,0.8612,-1,-1,-1
86,-1,294.32,311.65,18.31,14.79,0.5688,-1,-1,-1
87,-1,734.16,240.94,37.41,35.08,0.9053,-1,-1,-1
87,-1,738.49,320.47,19.73,16.16,0.8768,-1,-1,-1
87,-1,662.62,238.30,22.25,27.13,0.8718,-1,-1,-1
87,-1,0.03,309.95,49.65,70.67,0.8321,-1,-1,-1
87,-1,290.50,311.25,19.74,15.30,0.6645,-1,-1,-1
87,-1,391.04,305.01,21.25,13.22,0.6038,-1,-1,-1
88,-1,742.16,232.56,36.81,36.47,0.9049,-1,-1,-1
88,-1,748.28,313.10,19.72,16.68,0.8819,-1,-1,-1
88,-1,0.00,324.94,63.67,74.28,0.8738,-1,-1,-1
88,-1,668.72,232.88,22.93,26.99,0.8522,-1,-1,-1
88,-1,299.70,318.79,19.67,14.34,0.6966,-1,-1,-1
88,-1,400.82,307.78,19.83,13.95,0.2802,-1,-1,-1
89,-1,0.00,333.07,90.78,78.12,0.9302,-1,-1,-1
89,-1,759.48,225.40,37.59,37.44,0.9043,-1,-1,-1
89,-1,684.65,228.38,23.14,25.85,0.8853,-1,-1,-1
89,-1,766.39,307.76,21.15,17.04,0.8789,-1,-1,-1
89,-1,318.11,322.20,18.93,14.54,0.4343,-1,-1,-1
90,-1,0.04,335.38,119.39,76.86,0.9461,-1,-1,-1
90,-1,780.21,222.09,38.41,37.85,0.9101,-1,-1,-1
90,-1,787.56,305.33,20.90,17.00,0.8813,-1,-1,-1
90,-1,703.67,226.18,23.24,26.66,0.8719,-1,-1,-1
90,-1,335.27,322.62,20.89,14.22,0.5426,-1,-1,-1
91,-1,6.22,329.15,142.45,74.69,0.9464,-1,-1,-1
91,-1,804.40,223.05,41.01,38.40,0.9138,-1,-1,-1
91,-1,810.88,307.69,21.93,17.47,0.8773,-1,-1,-1
91,-1,725.80,226.26,23.82,27.37,0.8581,-1,-1,-1
91,-1,358.08,320.33,17.17,14.07,0.5611,-1,-1,-1
92,-1,44.77,316.11,133.72,73.21,0.9466,-1,-1,-1
92,-1,831.18,230.10,43.40,38.45,0.9137,-1,-1,-1
92,-1,836.36,315.77,23.34,17.35,0.8831,-1,-1,-1
92,-1,750.85,230.97,24.68,27.73,0.8645,-1,-1,-1
92,-1,378.35,315.26,18.56,14.89,0.7009,-1,-1,-1
92,-1,473.30,307.18,19.00,13.19,0.3680,-1,-1,-1
93,-1,58.35,313.30,131.96,72.70,0.9497,-1,-1,-1
93,-1,843.92,227.67,45.26,39.28,0.9227,-1,-1,-1
93,-1,848.82,314.51,23.33,18.27,0.8812,-1,-1,-1
93,-1,762.17,229.01,25.40,27.83,0.8729,-1,-1,-1
93,-1,386.41,314.81,19.36,12.96,0.3922,-1,-1,-1
94,-1,73.93,313.63,128.70,72.01,0.9447,-1,-1,-1
94,-1,857.89,225.41,46.16,40.01,0.9213,-1,-1,-1
94,-1,862.97,313.63,23.90,18.41,0.8817,-1,-1,-1
94,-1,774.98,227.33,25.15,28.10,0.8674,-1,-1,-1
94,-1,0.00,346.29,16.36,41.19,0.6042,-1,-1,-1
94,-1,398.34,314.24,17.07,13.87,0.4142,-1,-1,-1
95,-1,84.93,313.78,126.06,71.44,0.9424,-1,-1,-1
95,-1,867.98,224.23,47.28,40.34,0.9197,-1,-1,-1
95,-1,872.87,313.06,24.37,18.15,0.8783,-1,-1,-1
95,-1,784.60,226.46,24.72,27.80,0.8699,-1,-1,-1
95,-1,0.00,345.93,27.54,40.84,0.7244,-1,-1,-1
95,-1,402.22,314.73,20.19,12.92,0.4807,-1,-1,-1
96,-1,95.84,316.66,124.63,71.47,0.9408,-1,-1,-1
96,-1,876.47,223.03,47.45,40.72,0.9216,-1,-1,-1
96,-1,881.82,312.74,24.66,17.94,0.8802,-1,-1,-1
96,-1,792.00,226.15,24.95,28.22,0.8752,-1,-1,-1
96,-1,410.23,315.21,18.64,14.40,0.6745,-1,-1,-1
96,-1,11.16,349.54,28.62,40.33,0.5613,-1,-1,-1
97,-1,107.39,320.14,121.95,70.30,0.9427,-1,-1,-1
97,-1,884.69,221.75,48.69,41.20,0.9213,-1,-1,-1
97,-1,890.36,312.58,25.33,18.03,0.8851,-1,-1,-1
97,-1,799.12,225.84,25.17,28.11,0.8724,-1,-1,-1
97,-1,24.11,352.62,28.42,40.16,0.4551,-1,-1,-1
97,-1,417.68,317.94,18.33,13.15,0.3387,-1,-1,-1
98,-1,117.81,320.32,120.07,69.96,0.9403,-1,-1,-1
98,-1,892.74,221.06,49.61,41.28,0.9209,-1,-1,-1
98,-1,898.96,312.01,25.82,18.29,0.8872,-1,-1,-1
98,-1,805.65,224.71,25.88,28.46,0.8721,-1,-1,-1
98,-1,35.30,352.75,28.22,39.65,0.7075,-1,-1,-1
99,-1,127.19,321.20,118.36,69.42,0.9450,-1,-1,-1
99,-1,900.60,219.63,50.21,41.75,0.9233,-1,-1,-1
99,-1,906.99,311.57,25.88,18.60,0.8883,-1,-1,-1
99,-1,812.36,223.96,26.42,28.36,0.8769,-1,-1,-1
99,-1,45.99,353.06,28.08,39.75,0.8441,-1,-1,-1
99,-1,428.82,318.23,17.83,13.17,0.3417,-1,-1,-1
100,-1,136.21,321.56,117.23,69.00,0.9434,-1,-1,-1
100,-1,908.45,218.64,51.45,42.25,0.9203,-1,-1,-1
100,-1,914.95,311.14,26.33,18.69,0.8879,-1,-1,-1
100,-1,819.14,223.06,26.77,28.25,0.8800,-1,-1,-1
100,-1,56.20,353.55,27.59,39.51,0.7851,-1,-1,-1
100,-1,434.17,318.08,18.43,13.61,0.3409,-1,-1,-1
101,-1,145.39,322.16,115.39,68.58,0.9436,-1,-1,-1
101,-1,916.13,217.52,52.15,42.52,0.9199,-1,-1,-1
101,-1,922.57,310.66,26.60,19.04,0.8849,-1,-1,-1
101,-1,825.82,222.58,27.17,28.45,0.8839,-1,-1,-1
101,-1,65.88,353.37,27.42,39.59,0.7420,-1,-1,-1
101,-1,439.85,318.46,17.90,13.21,0.3949,-1,-1,-1
102,-1,152.73,321.56,114.18,68.20,0.9416,-1,-1,-1
102,-1,923.78,216.30,53.77,42.86,0.9234,-1,-1,-1
102,-1,930.42,310.12,26.84,19.25,0.8833,-1,-1,-1
102,-1,832.54,221.76,27.37,28.76,0.8779,-1,-1,-1
102,-1,443.06,317.89,19.31,13.44,0.4405,-1,-1,-1
102,-1,74.41,352.55,27.15,39.66,0.2823,-1,-1,-1
103,-1,161.45,320.97,112.87,67.08,0.9405,-1,-1,-1
103,-1,933.38,214.77,54.87,43.67,0.9269,-1,-1,-1
103,-1,939.99,309.54,27.36,19.18,0.8882,-1,-1,-1
103,-1,841.03,220.25,28.11,28.90,0.8880,-1,-1,-1
103,-1,450.15,316.87,18.92,13.63,0.6600,-1,-1,-1
103,-1,83.99,351.13,26.65,39.22,0.3702,-1,-1,-1
104,-1,169.39,321.20,111.64,66.01,0.9398,-1,-1,-1
104,-1,943.07,213.54,55.83,43.81,0.9246,-1,-1,-1
104,-1,849.18,219.22,28.34,29.11,0.8891,-1,-1,-1
104,-1,949.55,308.93,27.81,19.69,0.8883,-1,-1,-1
104,-1,93.19,350.94,26.43,38.36,0.7636,-1,-1,-1
104,-1,455.76,316.42,18.59,13.79,0.4875,-1,-1,-1
105,-1,177.82,320.99,110.22,66.77,0.9414,-1,-1,-1
105,-1,952.19,211.77,57.13,44.81,0.9308,-1,-1,-1
105,-1,958.54,308.41,28.64,19.31,0.8946,-1,-1,-1
105,-1,857.10,218.31,28.61,29.01,0.8900,-1,-1,-1
105,-1,102.32,351.20,26.01,38.43,0.5890,-1,-1,-1
106,-1,185.43,322.30,109.17,66.46,0.9415,-1,-1,-1
106,-1,960.71,210.23,57.72,45.16,0.9246,-1,-1,-1
106,-1,967.60,307.56,29.33,19.73,0.8951,-1,-1,-1
106,-1,865.07,217.44,28.36,29.01,0.8865,-1,-1,-1
106,-1,111.15,351.97,25.64,38.92,0.5693,-1,-1,-1
106,-1,466.33,317.92,19.23,12.91,0.3196,-1,-1,-1
107,-1,194.95,324.42,107.84,66.37,0.9426,-1,-1,-1
107,-1,971.04,208.38,52.96,45.33,0.9167,-1,-1,-1
107,-1,978.22,306.41,29.90,20.35,0.8912,-1,-1,-1
107,-1,872.73,216.28,29.47,29.03,0.8774,-1,-1,-1
107,-1,121.83,355.30,25.47,37.38,0.4268,-1,-1,-1
107,-1,474.00,318.92,16.95,13.71,0.3402,-1,-1,-1
108,-1,206.85,324.86,105.44,65.77,0.9441,-1,-1,-1
108,-1,984.24,206.21,39.76,46.36,0.8907,-1,-1,-1
108,-1,991.24,305.43,30.67,20.77,0.8873,-1,-1,-1
108,-1,884.14,214.53,29.79,29.98,0.8820,-1,-1,-1
108,-1,134.42,355.05,24.88,37.56,0.5847,-1,-1,-1
108,-1,482.11,318.84,16.86,13.90,0.3863,-1,-1,-1
108,-1,951.21,235.41,16.40,32.67,0.3234,-1,-1,-1
109,-1,216.04,325.37,104.14,65.29,0.9471,-1,-1,-1
109,-1,893.21,213.57,30.45,29.44,0.8880,-1,-1,-1
109,-1,994.53,207.47,29.47,43.72,0.8582,-1,-1,-1
109,-1,1002.63,304.85,21.37,20.59,0.8574,-1,-1,-1
109,-1,144.55,354.73,25.09,37.46,0.7533,-1,-1,-1
109,-1,134.04,0.00,78.09,57.56,0.4333,-1,-1,-1
109,-1,487.44,319.25,17.90,13.06,0.3558,-1,-1,-1
109,-1,960.87,234.15,17.53,32.81,0.3494,-1,-1,-1
110,-1,224.81,325.28,102.87,65.34,0.9446,-1,-1,-1
110,-1,900.77,212.60,31.11,30.15,0.8874,-1,-1,-1
110,-1,1004.30,207.22,19.70,43.56,0.6711,-1,-1,-1
110,-1,144.72,0.00,53.90,59.83,0.6564,-1,-1,-1
110,-1,970.01,235.98,16.08,30.46,0.6536,-1,-1,-1
110,-1,1012.10,306.19,11.90,18.69,0.5811,-1,-1,-1
110,-1,153.58,354.82,24.87,37.51,0.3047,-1,-1,-1
111,-1,232.34,325.61,102.12,65.03,0.9470,-1,-1,-1
111,-1,909.23,211.12,30.98,30.54,0.8908,-1,-1,-1
111,-1,162.19,354.73,24.69,37.43,0.7175,-1,-1,-1
111,-1,154.40,0.00,54.34,61.01,0.6590,-1,-1,-1
111,-1,497.94,318.93,18.88,13.57,0.4523,-1,-1,-1
111,-1,978.77,232.93,17.61,32.87,0.4405,-1,-1,-1
111,-1,1013.86,219.88,10.14,29.53,0.3946,-1,-1,-1
112,-1,240.87,325.63,100.43,64.74,0.9456,-1,-1,-1
112,-1,917.17,210.43,31.80,30.23,0.8918,-1,-1,-1
112,-1,165.28,0.00,52.79,63.83,0.7011,-1,-1,-1
112,-1,170.65,354.96,24.60,37.12,0.4969,-1,-1,-1
113,-1,248.32,325.90,99.73,64.42,0.9473,-1,-1,-1
113,-1,925.13,209.30,32.49,30.51,0.8944,-1,-1,-1
113,-1,178.95,354.95,24.65,36.91,0.7520,-1,-1,-1
113,-1,171.01,0.00,56.90,65.25,0.4468,-1,-1,-1
113,-1,996.41,234.11,16.59,28.74,0.3673,-1,-1,-1
113,-1,510.44,318.71,16.76,14.07,0.2560,-1,-1,-1
114,-1,256.13,326.23,98.69,63.89,0.9441,-1,-1,-1
114,-1,933.42,208.20,32.34,30.36,0.8863,-1,-1,-1
114,-1,179.02,0.00,59.05,66.03,0.3778,-1,-1,-1
114,-1,1005.74,229.61,17.59,33.41,0.3681,-1,-1,-1
114,-1,186.90,354.57,24.54,37.19,0.3643,-1,-1,-1
115,-1,263.41,326.22,98.09,63.76,0.9489,-1,-1,-1
115,-1,941.46,206.78,33.23,30.70,0.8940,-1,-1,-1
115,-1,195.29,354.20,24.34,37.11,0.5762,-1,-1,-1
115,-1,189.50,0.00,57.65,68.67,0.3540,-1,-1,-1
115,-1,519.41,318.95,18.58,13.09,0.3117,-1,-1,-1
116,-1,271.20,326.07,96.61,63.74,0.9415,-1,-1,-1
116,-1,949.61,205.79,33.96,30.56,0.8971,-1,-1,-1
116,-1,200.88,0.05,55.22,70.86,0.3712,-1,-1,-1
117,-1,278.51,326.29,96.44,63.41,0.9489,-1,-1,-1
117,-1,958.83,204.40,34.09,31.09,0.8946,-1,-1,-1
117,-1,211.28,354.02,24.23,36.97,0.4480,-1,-1,-1
117,-1,209.77,0.00,55.32,72.00,0.4044,-1,-1,-1
117,-1,530.08,319.00,18.87,12.94,0.3671,-1,-1,-1
118,-1,286.70,326.43,94.74,62.99,0.9385,-1,-1,-1
118,-1,968.50,203.16,34.26,31.39,0.8938,-1,-1,-1
118,-1,535.11,318.76,19.07,12.88,0.3020,-1,-1,-1
118,-1,219.34,0.04,56.95,73.88,0.2807,-1,-1,-1
119,-1,293.61,326.98,94.39,62.35,0.9432,-1,-1,-1
119,-1,977.02,202.23,34.57,31.51,0.8969,-1,-1,-1
119,-1,227.84,0.00,53.05,73.78,0.7539,-1,-1,-1
119,-1,226.75,353.63,24.02,37.10,0.4887,-1,-1,-1
120,-1,301.49,327.21,93.03,61.91,0.9354,-1,-1,-1
120,-1,986.13,200.59,35.43,31.63,0.8795,-1,-1,-1
120,-1,236.64,0.00,54.30,74.38,0.3123,-1,-1,-1
120,-1,546.21,318.73,18.95,12.83,0.2990,-1,-1,-1
121,-1,308.59,326.75,92.41,62.36,0.9423,-1,-1,-1
121,-1,995.22,199.11,28.78,40.81,0.6610,-1,-1,-1
121,-1,244.88,0.12,51.45,75.94,0.6437,-1,-1,-1
121,-1,242.29,353.91,23.95,36.66,0.6075,-1,-1,-1
121,-1,550.93,318.62,19.71,12.87,0.2799,-1,-1,-1
121,-1,550.75,318.69,19.75,12.74,0.2660,-1,-1,-1
122,-1,315.37,327.26,92.31,61.48,0.9430,-1,-1,-1
122,-1,1004.18,198.08,19.82,30.82,0.4650,-1,-1,-1
122,-1,246.72,0.00,62.33,77.31,0.3854,-1,-1,-1
123,-1,322.36,324.75,91.40,62.07,0.9363,-1,-1,-1
123,-1,256.46,350.96,23.74,36.95,0.6800,-1,-1,-1
123,-1,264.61,0.11,48.31,75.31,0.5564,-1,-1,-1
123,-1,563.25,315.98,18.39,14.32,0.4010,-1,-1,-1
124,-1,328.61,324.56,91.20,61.20,0.9417,-1,-1,-1
124,-1,263.56,349.83,23.44,36.54,0.6764,-1,-1,-1
124,-1,569.81,316.07,17.81,13.68,0.2581,-1,-1,-1
125,-1,335.67,323.91,90.22,61.56,0.9373,-1,-1,-1
125,-1,270.58,350.16,23.61,35.96,0.8083,-1,-1,-1
125,-1,573.92,315.47,18.78,13.86,0.5164,-1,-1,-1
125,-1,277.85,0.00,50.89,77.64,0.2505,-1,-1,-1
126,-1,341.83,325.12,90.26,60.66,0.9388,-1,-1,-1
126,-1,277.89,350.55,23.26,36.03,0.8186,-1,-1,-1
126,-1,283.69,0.00,50.09,79.35,0.5679,-1,-1,-1
126,-1,579.74,315.56,18.95,14.37,0.4375,-1,-1,-1
127,-1,348.72,325.64,89.34,61.38,0.9391,-1,-1,-1
127,-1,586.31,316.03,18.47,14.17,0.5632,-1,-1,-1
127,-1,289.22,0.00,50.28,81.60,0.5327,-1,-1,-1
128,-1,355.86,326.76,89.22,61.17,0.9380,-1,-1,-1
128,-1,292.55,353.25,23.31,35.84,0.5407,-1,-1,-1
128,-1,298.46,0.01,49.71,83.16,0.5132,-1,-1,-1
128,-1,592.77,316.59,18.56,13.77,0.2550,-1,-1,-1
129,-1,365.02,327.42,88.26,60.32,0.9401,-1,-1,-1
129,-1,309.30,0.00,47.96,86.89,0.6160,-1,-1,-1
129,-1,301.93,353.35,23.04,35.82,0.5265,-1,-1,-1
130,-1,371.14,327.78,88.05,59.73,0.9358,-1,-1,-1
130,-1,308.50,353.15,23.41,35.70,0.5866,-1,-1,-1
130,-1,316.31,0.11,50.10,87.35,0.4443,-1,-1,-1
131,-1,378.28,327.79,86.95,59.54,0.9370,-1,-1,-1
131,-1,610.19,316.07,19.14,14.00,0.5212,-1,-1,-1
131,-1,325.33,0.00,48.98,87.07,0.3491,-1,-1,-1
132,-1,385.33,328.37,86.16,59.05,0.9379,-1,-1,-1
132,-1,322.12,352.72,23.12,35.52,0.7111,-1,-1,-1
132,-1,331.36,0.00,53.96,87.52,0.6591,-1,-1,-1
132,-1,615.17,316.15,19.59,13.84,0.3718,-1,-1,-1
133,-1,390.27,327.34,86.71,58.98,0.9466,-1,-1,-1
133,-1,620.92,315.13,18.42,14.34,0.6320,-1,-1,-1
133,-1,337.93,0.12,48.56,85.20,0.5351,-1,-1,-1
133,-1,327.61,351.22,22.99,35.76,0.2836,-1,-1,-1
134,-1,396.71,327.79,85.95,58.75,0.9354,-1,-1,-1
134,-1,344.58,0.13,48.82,88.97,0.7075,-1,-1,-1
134,-1,334.20,351.92,22.80,35.00,0.6471,-1,-1,-1
134,-1,626.38,315.56,19.03,14.05,0.6038,-1,-1,-1
135,-1,403.18,327.61,85.77,59.21,0.9357,-1,-1,-1
135,-1,341.10,352.39,22.89,34.97,0.7597,-1,-1,-1
135,-1,632.72,315.58,18.55,14.26,0.5567,-1,-1,-1
135,-1,352.73,0.08,51.58,90.07,0.3073,-1,-1,-1
136,-1,410.10,327.89,85.11,58.88,0.9336,-1,-1,-1
136,-1,637.64,315.47,19.47,13.98,0.6897,-1,-1,-1
136,-1,360.95,0.24,50.73,91.56,0.6270,-1,-1,-1
136,-1,347.82,351.95,23.16,35.44,0.2945,-1,-1,-1
137,-1,415.69,328.31,85.06,58.59,0.9341,-1,-1,-1
137,-1,353.28,352.26,22.98,35.31,0.6668,-1,-1,-1
137,-1,642.60,315.48,19.40,14.20,0.6604,-1,-1,-1
137,-1,368.32,0.23,46.88,91.85,0.5068,-1,-1,-1
137,-1,342.18,0.00,73.46,92.17,0.3578,-1,-1,-1
138,-1,420.46,327.92,84.72,58.88,0.9375,-1,-1,-1
138,-1,358.27,352.55,23.00,34.55,0.6920,-1,-1,-1
138,-1,646.65,314.53,20.14,14.23,0.6126,-1,-1,-1
138,-1,370.95,0.29,48.32,91.98,0.3812,-1,-1,-1
139,-1,425.94,328.40,84.49,58.25,0.9336,-1,-1,-1
139,-1,376.75,0.21,48.74,91.11,0.7838,-1,-1,-1
139,-1,363.75,351.88,23.11,35.36,0.4743,-1,-1,-1
139,-1,653.55,314.64,18.25,14.07,0.4128,-1,-1,-1
140,-1,433.88,327.84,83.89,58.79,0.9357,-1,-1,-1
140,-1,371.47,351.82,23.18,35.26,0.7035,-1,-1,-1
140,-1,384.94,0.22,49.25,89.83,0.4713,-1,-1,-1
140,-1,659.23,314.18,20.33,13.48,0.4562,-1,-1,-1
140,-1,357.37,0.00,77.39,90.23,0.2558,-1,-1,-1
141,-1,440.45,328.98,84.23,58.67,0.9426,-1,-1,-1
141,-1,667.71,315.57,18.50,14.28,0.6925,-1,-1,-1
141,-1,378.57,353.68,23.08,34.73,0.6915,-1,-1,-1
141,-1,392.81,0.26,48.08,96.38,0.5402,-1,-1,-1
141,-1,354.67,0.00,86.33,97.42,0.3751,-1,-1,-1
142,-1,446.66,327.67,83.73,58.55,0.9334,-1,-1,-1
142,-1,397.41,0.12,48.92,92.60,0.6698,-1,-1,-1
142,-1,384.81,351.97,22.73,34.84,0.6640,-1,-1,-1
142,-1,673.75,313.26,19.34,13.72,0.6290,-1,-1,-1
143,-1,453.66,327.94,84.07,58.18,0.9343,-1,-1,-1
143,-1,408.27,0.19,45.28,95.95,0.6467,-1,-1,-1
143,-1,680.68,313.39,20.06,13.38,0.6077,-1,-1,-1
144,-1,463.99,327.26,83.16,58.81,0.9345,-1,-1,-1
144,-1,402.09,351.95,22.94,34.62,0.7940,-1,-1,-1
144,-1,690.72,312.03,19.79,14.11,0.7330,-1,-1,-1
144,-1,416.06,0.12,46.97,94.83,0.5870,-1,-1,-1
145,-1,472.51,328.07,84.02,58.18,0.9393,-1,-1,-1
145,-1,700.15,312.18,19.31,14.30,0.7553,-1,-1,-1
145,-1,411.23,352.16,23.29,34.96,0.6624,-1,-1,-1
145,-1,425.82,0.59,47.04,96.71,0.5707,-1,-1,-1
146,-1,481.08,326.79,83.19,59.11,0.9361,-1,-1,-1
146,-1,419.31,351.46,23.34,35.28,0.7850,-1,-1,-1
146,-1,707.25,311.28,20.90,14.17,0.7294,-1,-1,-1
146,-1,432.99,0.34,47.76,95.99,0.3570,-1,-1,-1
147,-1,489.96,328.06,83.07,58.36,0.9405,-1,-1,-1
147,-1,428.28,352.64,23.45,34.39,0.8482,-1,-1,-1
147,-1,718.14,312.01,19.94,13.94,0.7094,-1,-1,-1
148,-1,497.61,329.12,83.34,58.86,0.9375,-1,-1,-1
148,-1,436.42,353.96,23.51,34.69,0.8563,-1,-1,-1
148,-1,727.57,313.61,18.86,14.29,0.6756,-1,-1,-1
148,-1,453.80,0.29,45.43,99.12,0.5054,-1,-1,-1
148,-1,434.02,0.00,65.24,99.76,0.2782,-1,-1,-1
149,-1,501.73,328.43,83.43,59.25,0.9397,-1,-1,-1
149,-1,731.79,312.70,19.72,14.46,0.7755,-1,-1,-1
149,-1,457.72,0.32,45.22,99.90,0.7303,-1,-1,-1
149,-1,440.31,353.67,23.43,34.75,0.7093,-1,-1,-1
150,-1,514.17,326.04,83.14,59.31,0.9350,-1,-1,-1
150,-1,452.89,351.33,23.10,34.66,0.7970,-1,-1,-1
150,-1,744.20,309.23,21.79,13.57,0.4468,-1,-1,-1
151,-1,520.60,327.44,84.22,58.83,0.9405,-1,-1,-1
151,-1,470.76,0.27,51.26,100.17,0.5760,-1,-1,-1
151,-1,752.40,310.14,21.59,14.61,0.5359,-1,-1,-1
151,-1,459.57,352.72,23.35,34.27,0.5228,-1,-1,-1
152,-1,525.35,328.26,83.56,59.60,0.9385,-1,-1,-1
152,-1,464.11,353.98,23.00,34.78,0.7952,-1,-1,-1
152,-1,758.98,312.09,19.96,14.40,0.7598,-1,-1,-1
152,-1,479.94,0.32,47.66,100.43,0.5720,-1,-1,-1
153,-1,529.19,331.00,83.83,58.03,0.9353,-1,-1,-1
153,-1,468.60,354.95,22.98,34.60,0.7706,-1,-1,-1
153,-1,764.25,313.34,20.52,14.50,0.5469,-1,-1,-1
153,-1,481.98,0.07,50.68,103.86,0.3761,-1,-1,-1
154,-1,533.16,331.02,83.95,57.98,0.9375,-1,-1,-1
154,-1,767.01,313.41,23.11,14.07,0.7544,-1,-1,-1
154,-1,489.74,0.20,44.76,104.23,0.6813,-1,-1,-1
154,-1,472.15,355.12,23.09,34.42,0.6253,-1,-1,-1
155,-1,536.91,328.94,84.40,59.56,0.9455,-1,-1,-1
155,-1,774.97,311.54,20.44,14.83,0.8075,-1,-1,-1
155,-1,491.94,0.11,46.85,102.89,0.6856,-1,-1,-1
155,-1,476.99,354.69,22.56,34.44,0.6813,-1,-1,-1
156,-1,541.44,328.22,84.50,58.55,0.9365,-1,-1,-1
156,-1,481.06,353.48,22.44,33.87,0.8493,-1,-1,-1
156,-1,487.67,0.10,54.69,99.98,0.7522,-1,-1,-1
156,-1,779.88,309.44,22.10,14.08,0.4512,-1,-1,-1
157,-1,546.45,324.33,85.30,59.85,0.9386,-1,-1,-1
157,-1,486.60,351.12,22.57,34.12,0.6932,-1,-1,-1
157,-1,787.87,304.91,21.53,15.03,0.5196,-1,-1,-1
157,-1,489.26,0.32,55.82,97.91,0.4654,-1,-1,-1
157,-1,788.16,304.91,21.37,15.09,0.3693,-1,-1,-1
158,-1,557.60,323.97,85.29,59.74,0.9307,-1,-1,-1
158,-1,497.21,351.35,22.37,34.13,0.8101,-1,-1,-1
158,-1,800.06,305.06,22.40,14.60,0.7948,-1,-1,-1
158,-1,499.68,0.20,56.76,98.38,0.6123,-1,-1,-1
159,-1,562.34,327.89,85.39,59.14,0.9379,-1,-1,-1
159,-1,502.05,353.67,22.54,33.69,0.8116,-1,-1,-1
159,-1,807.03,307.19,22.38,15.38,0.6476,-1,-1,-1
159,-1,512.85,0.30,49.29,101.69,0.3412,-1,-1,-1
160,-1,566.02,329.17,86.33,59.22,0.9351,-1,-1,-1
160,-1,812.08,309.86,22.49,15.32,0.7573,-1,-1,-1
160,-1,511.01,0.07,55.46,103.25,0.7328,-1,-1,-1
160,-1,506.18,355.25,22.30,34.06,0.6161,-1,-1,-1
161,-1,570.24,331.26,86.26,58.51,0.9395,-1,-1,-1
161,-1,513.66,0.00,58.27,105.34,0.9042,-1,-1,-1
161,-1,819.08,310.91,21.32,15.65,0.8405,-1,-1,-1
161,-1,510.34,356.11,22.33,34.16,0.6969,-1,-1,-1
162,-1,574.37,331.17,86.59,58.68,0.9374,-1,-1,-1
162,-1,516.79,0.00,58.55,106.11,0.8707,-1,-1,-1
162,-1,824.26,310.79,22.41,15.38,0.8043,-1,-1,-1
162,-1,514.64,356.18,21.85,34.09,0.7146,-1,-1,-1
163,-1,578.51,328.90,86.67,59.37,0.9371,-1,-1,-1
163,-1,519.92,0.00,58.27,102.91,0.8650,-1,-1,-1
163,-1,518.85,354.73,22.08,34.43,0.7698,-1,-1,-1
163,-1,831.11,307.44,22.24,15.77,0.5569,-1,-1,-1
164,-1,582.75,325.59,87.55,60.05,0.9387,-1,-1,-1
164,-1,837.76,303.76,22.37,15.26,0.7472,-1,-1,-1
164,-1,532.89,0.17,48.73,100.41,0.6589,-1,-1,-1
164,-1,523.36,352.49,22.25,34.12,0.6391,-1,-1,-1
164,-1,510.21,0.00,71.45,101.01,0.2650,-1,-1,-1
165,-1,593.11,324.06,87.64,60.29,0.9390,-1,-1,-1
165,-1,850.87,300.51,22.83,15.84,0.8052,-1,-1,-1
165,-1,533.20,351.01,22.04,33.89,0.5881,-1,-1,-1
165,-1,538.16,0.27,52.17,96.25,0.4930,-1,-1,-1
166,-1,602.02,324.84,88.12,60.88,0.9402,-1,-1,-1
166,-1,862.10,301.93,23.80,15.84,0.7347,-1,-1,-1
166,-1,541.91,352.42,22.06,33.90,0.6781,-1,-1,-1
166,-1,547.63,0.00,51.39,100.52,0.4772,-1,-1,-1
167,-1,606.12,328.76,88.69,59.82,0.9385,-1,-1,-1
167,-1,547.62,0.00,58.09,104.32,0.8592,-1,-1,-1
167,-1,868.18,306.43,23.70,15.89,0.8277,-1,-1,-1
167,-1,545.96,355.28,21.77,34.12,0.7894,-1,-1,-1
168,-1,607.54,328.81,88.89,59.21,0.9377,-1,-1,-1
168,-1,547.68,0.00,59.33,102.03,0.8735,-1,-1,-1
168,-1,871.32,305.22,23.40,15.87,0.8003,-1,-1,-1
168,-1,547.50,354.73,21.92,34.30,0.3929,-1,-1,-1
169,-1,608.93,324.11,88.90,60.06,0.9394,-1,-1,-1
169,-1,874.65,298.67,23.40,16.11,0.8211,-1,-1,-1
169,-1,549.73,0.12,55.81,97.72,0.6920,-1,-1,-1
169,-1,549.22,351.11,21.57,33.77,0.4992,-1,-1,-1
170,-1,620.88,323.75,89.57,60.55,0.9403,-1,-1,-1
170,-1,887.93,297.92,27.74,16.20,0.8218,-1,-1,-1
170,-1,560.67,350.64,21.60,34.35,0.5244,-1,-1,-1
170,-1,565.65,0.00,51.18,97.84,0.3687,-1,-1,-1
171,-1,628.87,324.99,90.10,61.10,0.9386,-1,-1,-1
171,-1,901.22,300.35,25.34,16.35,0.8354,-1,-1,-1
171,-1,568.28,352.89,21.82,33.93,0.7034,-1,-1,-1
171,-1,565.75,0.00,60.40,99.43,0.4225,-1,-1,-1
172,-1,629.92,328.50,90.94,59.85,0.9375,-1,-1,-1
172,-1,570.41,0.00,59.32,103.35,0.8666,-1,-1,-1
172,-1,904.16,303.51,25.87,16.33,0.8517,-1,-1,-1
172,-1,569.92,355.12,21.64,34.29,0.4435,-1,-1,-1
173,-1,634.60,324.28,91.71,61.10,0.9401,-1,-1,-1
173,-1,911.73,297.98,25.89,16.16,0.6910,-1,-1,-1
173,-1,585.40,0.46,46.85,98.14,0.6308,-1,-1,-1
173,-1,574.55,352.03,22.13,33.95,0.4719,-1,-1,-1
174,-1,646.04,323.12,93.09,61.42,0.9358,-1,-1,-1
174,-1,928.92,295.16,26.15,16.78,0.8404,-1,-1,-1
174,-1,584.91,0.00,58.34,97.46,0.5525,-1,-1,-1
174,-1,585.52,351.12,22.12,34.18,0.4638,-1,-1,-1
175,-1,653.93,324.09,92.56,62.38,0.9346,-1,-1,-1
175,-1,936.87,297.43,29.29,17.01,0.8023,-1,-1,-1
175,-1,592.36,353.02,21.96,33.97,0.6310,-1,-1,-1
175,-1,602.41,0.31,49.74,98.65,0.5135,-1,-1,-1
176,-1,657.53,326.66,93.55,61.33,0.9390,-1,-1,-1
176,-1,945.56,299.32,27.57,16.84,0.8641,-1,-1,-1
176,-1,595.11,0.02,60.45,98.71,0.7707,-1,-1,-1
176,-1,596.46,354.00,21.93,34.72,0.7244,-1,-1,-1
177,-1,661.86,324.88,94.29,61.78,0.9409,-1,-1,-1
177,-1,952.29,297.02,28.91,17.04,0.8341,-1,-1,-1
177,-1,600.61,353.28,21.76,34.28,0.7266,-1,-1,-1
177,-1,598.79,0.00,59.28,98.31,0.5325,-1,-1,-1
178,-1,666.95,322.98,95.07,60.12,0.9373,-1,-1,-1
178,-1,960.29,292.90,30.37,17.18,0.8468,-1,-1,-1
178,-1,616.85,0.45,44.25,96.02,0.8116,-1,-1,-1
178,-1,606.01,351.51,22.13,34.09,0.5758,-1,-1,-1
179,-1,678.07,323.70,96.13,61.58,0.9350,-1,-1,-1
179,-1,978.00,293.17,30.25,17.36,0.8442,-1,-1,-1
179,-1,612.26,0.00,61.97,96.75,0.4759,-1,-1,-1
179,-1,616.26,351.40,22.12,34.97,0.2584,-1,-1,-1
180,-1,680.89,324.16,96.43,62.81,0.9422,-1,-1,-1
180,-1,983.41,294.92,29.81,17.55,0.8617,-1,-1,-1
180,-1,618.81,353.47,22.10,34.29,0.7094,-1,-1,-1
180,-1,629.36,0.29,47.69,97.06,0.3876,-1,-1,-1
181,-1,686.54,322.92,96.71,61.84,0.9305,-1,-1,-1
181,-1,993.02,291.44,29.98,17.36,0.8518,-1,-1,-1
181,-1,634.55,0.34,45.41,92.72,0.7176,-1,-1,-1
182,-1,690.51,322.29,98.35,63.01,0.9385,-1,-1,-1
182,-1,1001.36,290.96,22.64,17.86,0.7846,-1,-1,-1
182,-1,628.47,351.36,22.45,34.76,0.5852,-1,-1,-1
182,-1,631.52,0.08,53.51,93.11,0.4814,-1,-1,-1
183,-1,695.42,322.39,98.97,63.29,0.9405,-1,-1,-1
183,-1,633.09,351.29,22.30,34.90,0.6582,-1,-1,-1
183,-1,1010.37,290.86,13.63,16.63,0.5944,-1,-1,-1
183,-1,632.30,0.06,57.09,93.30,0.4058,-1,-1,-1
184,-1,700.84,322.87,98.87,62.96,0.9347,-1,-1,-1
184,-1,648.45,0.14,45.80,92.06,0.7029,-1,-1,-1
184,-1,638.05,351.85,22.17,34.45,0.5213,-1,-1,-1
185,-1,705.97,321.64,99.93,64.43,0.9408,-1,-1,-1
185,-1,642.69,351.71,22.24,34.83,0.7604,-1,-1,-1
185,-1,652.77,0.12,46.22,91.93,0.7598,-1,-1,-1
186,-1,718.49,321.75,101.72,64.36,0.9396,-1,-1,-1
186,-1,665.05,0.05,45.48,91.35,0.8200,-1,-1,-1
186,-1,654.49,351.60,22.56,34.80,0.7549,-1,-1,-1
187,-1,729.82,321.66,102.96,64.15,0.9391,-1,-1,-1
187,-1,675.36,0.00,48.08,89.83,0.7367,-1,-1,-1
187,-1,664.94,351.64,22.89,35.04,0.7074,-1,-1,-1
188,-1,738.58,321.18,104.87,64.89,0.9381,-1,-1,-1
188,-1,685.17,0.00,48.89,88.38,0.8694,-1,-1,-1
188,-1,673.34,351.65,23.37,35.01,0.8577,-1,-1,-1
189,-1,746.05,320.91,105.44,65.11,0.9403,-1,-1,-1
189,-1,691.75,0.00,48.92,88.00,0.8492,-1,-1,-1
189,-1,679.75,351.09,23.66,35.78,0.5434,-1,-1,-1
190,-1,753.36,320.80,106.27,65.45,0.9381,-1,-1,-1
190,-1,699.03,0.00,49.00,87.24,0.8552,-1,-1,-1
190,-1,686.15,351.39,24.26,35.46,0.8368,-1,-1,-1
191,-1,759.56,320.52,107.65,65.36,0.9429,-1,-1,-1
191,-1,692.13,351.25,24.58,35.68,0.8552,-1,-1,-1
191,-1,705.23,0.00,49.91,86.03,0.8033,-1,-1,-1
192,-1,766.28,320.12,108.70,65.88,0.9389,-1,-1,-1
192,-1,697.95,350.88,24.81,35.83,0.8487,-1,-1,-1
192,-1,713.02,0.13,50.25,84.32,0.8187,-1,-1,-1
193,-1,774.10,319.91,110.66,65.65,0.9442,-1,-1,-1
193,-1,705.13,350.60,25.19,35.79,0.8824,-1,-1,-1
193,-1,721.90,0.00,51.16,83.23,0.7570,-1,-1,-1
194,-1,782.43,319.01,111.50,66.85,0.9380,-1,-1,-1
194,-1,712.35,350.98,25.78,35.78,0.8543,-1,-1,-1
194,-1,729.51,0.00,55.24,82.19,0.6422,-1,-1,-1
195,-1,789.71,318.97,113.35,66.89,0.9420,-1,-1,-1
195,-1,718.79,350.69,26.06,36.28,0.8820,-1,-1,-1
195,-1,735.46,0.00,54.10,80.22,0.3208,-1,-1,-1
196,-1,797.59,318.70,114.25,67.52,0.9385,-1,-1,-1
196,-1,725.99,350.74,26.22,36.64,0.8489,-1,-1,-1
196,-1,741.40,0.00,53.03,81.70,0.4687,-1,-1,-1
197,-1,805.63,318.62,115.53,67.71,0.9422,-1,-1,-1
197,-1,733.53,350.58,26.44,36.90,0.8727,-1,-1,-1
197,-1,749.23,0.00,54.91,81.42,0.7037,-1,-1,-1
198,-1,813.52,317.88,116.72,68.43,0.9411,-1,-1,-1
198,-1,740.42,350.75,26.86,36.70,0.8860,-1,-1,-1
198,-1,756.37,0.00,53.80,80.48,0.5709,-1,-1,-1
199,-1,821.46,317.60,118.12,68.80,0.9402,-1,-1,-1
199,-1,747.56,350.66,26.77,36.68,0.9049,-1,-1,-1
199,-1,764.33,0.00,56.44,78.43,0.6785,-1,-1,-1
200,-1,829.43,317.38,119.37,68.91,0.9425,-1,-1,-1
200,-1,754.27,350.62,27.43,36.94,0.9022,-1,-1,-1
200,-1,771.89,0.00,54.25,78.06,0.7871,-1,-1,-1
201,-1,837.01,317.01,120.54,69.39,0.9380,-1,-1,-1
201,-1,760.75,350.66,28.14,37.10,0.9002,-1,-1,-1
201,-1,778.78,0.00,54.99,76.11,0.7712,-1,-1,-1
202,-1,844.87,315.99,122.25,70.44,0.9441,-1,-1,-1
202,-1,767.89,350.45,28.73,37.46,0.8989,-1,-1,-1
202,-1,787.55,0.00,53.26,74.93,0.7911,-1,-1,-1
203,-1,853.23,315.02,124.10,71.37,0.9396,-1,-1,-1
203,-1,775.08,349.90,29.10,37.35,0.8823,-1,-1,-1
203,-1,792.80,0.00,64.42,70.38,0.6518,-1,-1,-1
204,-1,862.07,313.82,126.76,72.33,0.9437,-1,-1,-1
204,-1,783.05,349.20,29.29,37.92,0.9089,-1,-1,-1
204,-1,804.81,0.15,62.06,69.32,0.7489,-1,-1,-1
205,-1,870.58,313.80,128.82,72.52,0.9467,-1,-1,-1
205,-1,790.53,348.91,29.72,38.39,0.9039,-1,-1,-1
205,-1,811.84,0.00,61.47,67.51,0.7889,-1,-1,-1
206,-1,879.15,313.12,130.79,73.21,0.9445,-1,-1,-1
206,-1,797.96,349.11,30.06,38.30,0.9084,-1,-1,-1
206,-1,820.16,0.05,62.69,66.53,0.7816,-1,-1,-1
207,-1,887.27,312.96,133.14,73.71,0.9546,-1,-1,-1
207,-1,805.30,349.33,30.41,38.53,0.9049,-1,-1,-1
207,-1,829.03,0.00,59.15,65.80,0.6870,-1,-1,-1
208,-1,898.37,313.09,125.63,73.38,0.9422,-1,-1,-1
208,-1,814.83,349.11,31.08,39.11,0.9145,-1,-1,-1
208,-1,835.73,0.14,63.01,63.93,0.6353,-1,-1,-1
209,-1,910.27,312.59,113.72,73.94,0.9458,-1,-1,-1
209,-1,824.80,348.97,32.18,39.15,0.9173,-1,-1,-1
209,-1,849.14,0.00,60.51,61.00,0.6957,-1,-1,-1
210,-1,919.27,312.45,104.73,74.09,0.9435,-1,-1,-1
210,-1,832.51,348.80,32.74,39.52,0.9126,-1,-1,-1
210,-1,855.43,0.00,62.55,59.50,0.4992,-1,-1,-1
211,-1,928.60,311.98,95.36,74.48,0.9422,-1,-1,-1
211,-1,840.55,348.61,33.13,39.85,0.9217,-1,-1,-1
211,-1,865.77,0.00,61.69,58.21,0.8122,-1,-1,-1
212,-1,937.75,310.86,86.25,75.70,0.9267,-1,-1,-1
212,-1,848.15,348.38,33.91,40.23,0.9125,-1,-1,-1
212,-1,874.37,0.02,61.02,56.13,0.5162,-1,-1,-1
213,-1,856.33,348.39,34.27,40.35,0.9169,-1,-1,-1
213,-1,946.88,310.10,77.12,76.80,0.8960,-1,-1,-1
213,-1,884.30,0.00,58.85,54.15,0.7787,-1,-1,-1
214,-1,864.27,347.81,35.20,40.86,0.9136,-1,-1,-1
214,-1,956.89,312.74,67.10,74.39,0.7379,-1,-1,-1
214,-1,880.66,0.00,72.29,52.19,0.3903,-1,-1,-1
215,-1,872.46,347.95,35.74,40.78,0.9284,-1,-1,-1
215,-1,900.99,0.00,61.26,50.61,0.8278,-1,-1,-1
215,-1,966.13,310.93,57.87,75.60,0.6411,-1,-1,-1
215,-1,965.98,311.19,58.02,75.50,0.4854,-1,-1,-1
216,-1,880.50,347.41,36.46,41.36,0.9185,-1,-1,-1
216,-1,912.11,0.04,61.68,48.53,0.8253,-1,-1,-1
216,-1,976.25,312.24,47.75,74.55,0.7149,-1,-1,-1
217,-1,889.05,347.52,37.16,41.24,0.9286,-1,-1,-1
217,-1,921.75,0.00,60.73,46.64,0.7768,-1,-1,-1
217,-1,986.93,330.99,37.07,55.83,0.4040,-1,-1,-1
217,-1,986.46,313.18,37.54,73.64,0.3714,-1,-1,-1
218,-1,897.63,347.30,37.73,41.59,0.9213,-1,-1,-1
218,-1,1002.36,315.20,21.64,24.60,0.7673,-1,-1,-1
218,-1,997.03,338.32,26.97,49.37,0.7316,-1,-1,-1
218,-1,932.06,0.00,60.95,43.27,0.6901,-1,-1,-1
219,-1,904.77,347.10,38.65,41.89,0.9268,-1,-1,-1
219,-1,932.93,0.00,66.74,41.41,0.3080,-1,-1,-1
219,-1,1005.41,326.03,18.59,45.16,0.2780,-1,-1,-1
220,-1,915.55,346.57,38.72,42.46,0.9494,-1,-1,-1
220,-1,947.71,0.00,62.27,37.43,0.3999,-1,-1,-1
221,-1,924.39,346.37,39.97,42.65,0.9366,-1,-1,-1
222,-1,933.42,346.06,40.82,43.12,0.9318,-1,-1,-1
223,-1,946.05,345.74,41.65,43.65,0.9247,-1,-1,-1
224,-1,958.84,345.59,42.84,43.95,0.9324,-1,-1,-1
225,-1,968.19,345.20,44.37,44.41,0.9221,-1,-1,-1
226,-1,979.23,344.76,43.92,45.08,0.9142,-1,-1,-1
227,-1,975.19,354.59,44.23,45.12,0.9239,-1,-1,-1
228,-1,968.80,358.40,42.51,44.74,0.9269,-1,-1,-1
229,-1,960.60,351.99,41.67,45.06,0.9143,-1,-1,-1
230,-1,951.57,346.00,40.14,44.39,0.9122,-1,-1,-1
231,-1,944.09,345.81,38.96,44.32,0.9077,-1,-1,-1
232,-1,936.45,345.03,37.95,44.31,0.9065,-1,-1,-1
233,-1,929.31,344.67,36.41,44.09,0.8680,-1,-1,-1
234,-1,921.92,344.10,34.96,43.58,0.9237,-1,-1,-1
235,-1,914.36,343.72,33.61,43.46,0.8863,-1,-1,-1
236,-1,906.69,342.90,32.55,43.78,0.8882,-1,-1,-1
236,-1,1002.76,329.95,21.24,44.44,0.2614,-1,-1,-1
237,-1,993.43,328.20,30.57,57.95,0.5380,-1,-1,-1
237,-1,999.65,305.55,24.35,27.68,0.4366,-1,-1,-1
237,-1,899.09,342.75,31.43,43.67,0.3845,-1,-1,-1
238,-1,891.58,342.73,29.94,43.30,0.7641,-1,-1,-1
238,-1,982.63,298.35,41.37,86.89,0.6552,-1,-1,-1
239,-1,884.14,343.52,28.61,42.14,0.8288,-1,-1,-1
239,-1,973.76,298.15,50.24,86.56,0.6897,-1,-1,-1
240,-1,962.98,298.61,61.02,85.61,0.8400,-1,-1,-1
240,-1,876.35,344.99,27.24,40.47,0.7828,-1,-1,-1
241,-1,953.35,294.28,70.65,90.28,0.7960,-1,-1,-1
241,-1,868.90,345.62,25.76,40.08,0.7497,-1,-1,-1
242,-1,943.37,296.37,80.63,88.40,0.8788,-1,-1,-1
242,-1,861.52,346.55,24.69,39.73,0.2928,-1,-1,-1
243,-1,933.66,296.85,90.34,88.42,0.9291,-1,-1,-1
244,-1,923.83,297.03,100.05,88.22,0.9434,-1,-1,-1
245,-1,914.35,297.75,109.65,87.77,0.9390,-1,-1,-1
246,-1,904.31,297.96,119.69,87.54,0.9503,-1,-1,-1
247,-1,894.27,298.38,129.64,87.42,0.9514,-1,-1,-1
248,-1,884.27,299.25,139.73,86.93,0.9506,-1,-1,-1
249,-1,874.31,299.91,149.56,86.66,0.9517,-1,-1,-1
250,-1,865.11,300.10,158.68,86.99,0.9626,-1,-1,-1
251,-1,855.62,300.41,168.38,86.89,0.9546,-1,-1,-1
252,-1,846.14,299.78,175.89,87.68,0.9522,-1,-1,-1
253,-1,836.03,300.46,175.42,87.07,0.9573,-1,-1,-1
254,-1,826.82,300.94,174.58,86.84,0.9545,-1,-1,-1
255,-1,817.53,301.05,173.04,86.64,0.9515,-1,-1,-1
256,-1,808.14,301.06,173.74,87.16,0.9561,-1,-1,-1
257,-1,799.66,301.35,171.03,86.93,0.9578,-1,-1,-1
258,-1,789.45,301.22,170.95,86.99,0.9518,-1,-1,-1
259,-1,779.70,300.08,171.02,87.17,0.9559,-1,-1,-1
260,-1,769.61,299.53,170.77,87.35,0.9547,-1,-1,-1
261,-1,760.01,299.05,170.13,86.83,0.9581,-1,-1,-1
262,-1,750.21,298.36,168.91,86.55,0.9584,-1,-1,-1
263,-1,740.29,298.15,169.27,85.83,0.9577,-1,-1,-1
264,-1,730.23,297.59,166.87,86.11,0.9597,-1,-1,-1
265,-1,720.59,297.27,166.53,86.18,0.9592,-1,-1,-1
266,-1,710.23,297.25,166.56,86.46,0.9602,-1,-1,-1
267,-1,701.11,297.18,165.11,86.39,0.9594,-1,-1,-1
268,-1,690.77,297.14,164.94,85.95,0.9592,-1,-1,-1
269,-1,681.04,297.68,163.59,86.30,0.9596,-1,-1,-1
270,-1,671.62,298.25,162.94,86.01,0.9578,-1,-1,-1
271,-1,661.50,298.89,162.07,86.10,0.9572,-1,-1,-1
272,-1,652.25,299.41,160.87,86.23,0.9571,-1,-1,-1
273,-1,641.94,299.64,160.11,86.61,0.9567,-1,-1,-1
274,-1,632.23,300.16,159.51,86.62,0.9555,-1,-1,-1
275,-1,622.58,300.27,158.28,86.51,0.9533,-1,-1,-1
276,-1,612.97,301.04,157.69,86.06,0.9564,-1,-1,-1
277,-1,603.11,301.13,157.03,86.13,0.9547,-1,-1,-1
278,-1,593.57,301.28,156.41,85.99,0.9546,-1,-1,-1
279,-1,583.86,301.41,155.76,86.23,0.9553,-1,-1,-1
280,-1,574.49,301.34,154.38,85.91,0.9543,-1,-1,-1
281,-1,565.03,301.36,153.98,85.82,0.9568,-1,-1,-1
282,-1,555.46,301.02,153.71,86.11,0.9554,-1,-1,-1
283,-1,545.82,300.66,152.97,86.28,0.9578,-1,-1,-1
284,-1,536.24,300.51,152.61,86.22,0.9548,-1,-1,-1
285,-1,527.14,300.22,151.67,85.97,0.9571,-1,-1,-1
286,-1,517.44,299.74,151.25,85.81,0.9623,-1,-1,-1
287,-1,507.95,299.34,150.14,85.79,0.9567,-1,-1,-1
288,-1,497.68,298.92,150.05,85.46,0.9589,-1,-1,-1
289,-1,487.89,298.43,149.25,85.39,0.9596,-1,-1,-1
290,-1,478.07,297.90,148.60,85.43,0.9584,-1,-1,-1
291,-1,468.36,297.73,147.95,85.19,0.9650,-1,-1,-1
292,-1,458.28,297.49,147.39,85.53,0.9610,-1,-1,-1
293,-1,448.48,297.52,146.59,85.40,0.9593,-1,-1,-1
294,-1,438.35,297.83,146.06,85.26,0.9615,-1,-1,-1
295,-1,429.20,298.13,144.70,85.20,0.9584,-1,-1,-1
296,-1,418.90,298.68,144.89,85.66,0.9573,-1,-1,-1
297,-1,409.31,299.19,143.70,85.39,0.9620,-1,-1,-1
298,-1,399.84,299.82,142.72,86.00,0.9547,-1,-1,-1
299,-1,389.72,300.30,143.33,85.95,0.9560,-1,-1,-1
300,-1,381.56,300.62,140.47,87.52,0.9658,-1,-1,-1
301,-1,370.54,301.00,141.38,87.33,0.9531,-1,-1,-1
302,-1,361.04,301.89,140.57,85.69,0.9553,-1,-1,-1
303,-1,351.27,302.20,139.70,87.81,0.9530,-1,-1,-1
304,-1,341.70,302.85,139.65,88.03,0.9551,-1,-1,-1
305,-1,332.08,303.15,138.16,87.88,0.9565,-1,-1,-1
306,-1,322.50,303.07,137.53,87.68,0.9618,-1,-1,-1
307,-1,312.58,302.95,137.48,87.61,0.9551,-1,-1,-1
308,-1,303.23,302.57,136.59,86.65,0.9526,-1,-1,-1
309,-1,293.60,301.88,136.05,86.41,0.9515,-1,-1,-1
310,-1,284.29,300.86,135.63,86.69,0.9535,-1,-1,-1
311,-1,274.43,300.28,135.04,86.61,0.9626,-1,-1,-1
312,-1,260.37,303.94,135.58,87.25,0.9530,-1,-1,-1
313,-1,240.17,307.28,137.29,87.40,0.9545,-1,-1,-1
314,-1,215.19,306.13,141.50,89.65,0.9541,-1,-1,-1
315,-1,192.67,300.03,145.97,91.16,0.9513,-1,-1,-1
316,-1,182.49,292.04,147.83,91.55,0.9549,-1,-1,-1
317,-1,171.34,293.01,149.13,91.63,0.9587,-1,-1,-1
318,-1,160.05,296.19,151.46,93.28,0.9579,-1,-1,-1
319,-1,146.10,293.15,153.89,93.28,0.9559,-1,-1,-1
320,-1,134.14,292.17,156.91,93.95,0.9590,-1,-1,-1
321,-1,123.57,291.94,158.05,94.39,0.9591,-1,-1,-1
322,-1,115.54,288.89,159.95,94.81,0.9557,-1,-1,-1
323,-1,107.86,288.10,160.81,94.80,0.9544,-1,-1,-1
324,-1,100.83,287.75,162.56,95.01,0.9573,-1,-1,-1
324,-1,1010.25,237.73,13.75,31.52,0.6164,-1,-1,-1
325,-1,91.70,287.76,163.77,95.40,0.9524,-1,-1,-1
325,-1,1001.80,241.05,22.20,27.31,0.8447,-1,-1,-1
326,-1,80.33,288.41,166.49,96.24,0.9557,-1,-1,-1
326,-1,991.09,241.40,32.91,27.38,0.7998,-1,-1,-1
327,-1,67.98,291.06,167.93,97.35,0.9571,-1,-1,-1
327,-1,979.48,242.25,40.53,27.42,0.7132,-1,-1,-1
327,-1,979.43,242.29,40.68,27.50,0.6114,-1,-1,-1
328,-1,50.72,288.28,171.91,98.67,0.9565,-1,-1,-1
328,-1,964.97,243.85,39.26,27.25,0.8577,-1,-1,-1
329,-1,43.22,283.75,173.77,99.37,0.9570,-1,-1,-1
329,-1,960.31,244.29,39.20,27.08,0.7808,-1,-1,-1
330,-1,37.13,288.12,173.97,99.93,0.9556,-1,-1,-1
330,-1,953.50,244.69,38.38,27.11,0.6931,-1,-1,-1
331,-1,23.57,289.10,177.68,101.06,0.9545,-1,-1,-1
331,-1,942.31,246.26,37.75,26.35,0.8559,-1,-1,-1
332,-1,6.37,286.51,181.69,102.01,0.9566,-1,-1,-1
332,-1,928.75,247.51,37.50,26.57,0.8250,-1,-1,-1
333,-1,0.10,282.29,177.63,102.55,0.9572,-1,-1,-1
333,-1,919.66,248.41,36.72,26.15,0.7412,-1,-1,-1
333,-1,919.70,248.49,36.57,26.04,0.5290,-1,-1,-1
334,-1,0.06,280.29,170.40,103.27,0.9575,-1,-1,-1
334,-1,913.13,248.97,36.85,26.00,0.6422,-1,-1,-1
334,-1,913.14,248.95,36.83,26.12,0.5073,-1,-1,-1
335,-1,0.05,283.33,159.71,103.83,0.9514,-1,-1,-1
335,-1,903.24,250.26,35.90,25.56,0.8287,-1,-1,-1
336,-1,0.05,284.63,143.76,105.50,0.9510,-1,-1,-1
336,-1,888.77,251.46,34.69,25.49,0.8352,-1,-1,-1
337,-1,0.14,281.14,126.98,107.68,0.9510,-1,-1,-1
337,-1,998.28,270.10,22.90,26.91,0.8657,-1,-1,-1
337,-1,874.89,253.08,33.65,25.06,0.7650,-1,-1,-1
338,-1,0.11,275.79,118.90,107.56,0.9502,-1,-1,-1
338,-1,991.54,271.04,22.88,26.76,0.8647,-1,-1,-1
338,-1,868.62,253.38,33.94,24.87,0.7183,-1,-1,-1
339,-1,0.07,282.58,107.23,110.09,0.9341,-1,-1,-1
339,-1,979.16,271.62,22.26,26.58,0.8740,-1,-1,-1
339,-1,858.19,254.31,33.73,24.73,0.6888,-1,-1,-1
340,-1,0.00,277.33,93.44,109.73,0.9235,-1,-1,-1
340,-1,967.17,273.36,21.69,26.47,0.8746,-1,-1,-1
340,-1,848.55,255.24,32.90,24.50,0.7437,-1,-1,-1
341,-1,0.00,276.26,86.33,111.55,0.9330,-1,-1,-1
341,-1,961.98,273.81,21.14,25.90,0.8684,-1,-1,-1
341,-1,845.06,255.31,32.03,24.65,0.7011,-1,-1,-1
342,-1,0.05,280.28,77.55,113.70,0.9052,-1,-1,-1
342,-1,953.79,274.19,21.00,26.05,0.8688,-1,-1,-1
342,-1,838.14,256.64,31.42,24.08,0.6119,-1,-1,-1
343,-1,940.20,275.39,20.52,25.41,0.8752,-1,-1,-1
343,-1,0.00,274.42,61.43,113.90,0.8522,-1,-1,-1
343,-1,826.64,257.89,30.99,23.98,0.7728,-1,-1,-1
343,-1,0.04,362.40,39.94,30.81,0.2826,-1,-1,-1
344,-1,929.98,276.37,20.02,25.68,0.8659,-1,-1,-1
344,-1,0.00,272.28,47.94,109.51,0.8155,-1,-1,-1
344,-1,817.57,257.88,31.27,24.30,0.7455,-1,-1,-1
344,-1,0.04,358.65,26.20,35.37,0.2722,-1,-1,-1
345,-1,920.87,277.38,19.93,25.07,0.8737,-1,-1,-1
345,-1,0.08,278.26,37.28,117.01,0.7180,-1,-1,-1
345,-1,809.86,258.96,31.03,23.86,0.7075,-1,-1,-1
346,-1,906.50,278.39,19.68,25.46,0.8617,-1,-1,-1
346,-1,798.40,260.02,29.56,23.70,0.5852,-1,-1,-1
346,-1,0.00,289.63,18.52,93.60,0.3149,-1,-1,-1
347,-1,895.86,279.22,19.26,25.82,0.8723,-1,-1,-1
347,-1,789.47,260.63,29.13,23.34,0.7232,-1,-1,-1
348,-1,889.01,279.81,19.44,25.18,0.8722,-1,-1,-1
348,-1,783.18,261.11,29.16,23.45,0.6424,-1,-1,-1
349,-1,885.12,279.99,19.28,24.81,0.8624,-1,-1,-1
349,-1,779.15,261.11,29.84,23.65,0.4913,-1,-1,-1
349,-1,779.38,261.13,29.56,23.70,0.4771,-1,-1,-1
350,-1,874.34,281.35,18.82,24.29,0.8685,-1,-1,-1
350,-1,770.70,262.43,28.64,23.18,0.6719,-1,-1,-1
351,-1,862.50,281.86,18.45,24.58,0.8561,-1,-1,-1
351,-1,760.70,263.07,28.18,23.15,0.7626,-1,-1,-1
352,-1,853.20,282.62,17.94,24.55,0.8366,-1,-1,-1
352,-1,752.22,263.70,28.04,23.22,0.7522,-1,-1,-1
353,-1,844.69,283.36,17.86,24.08,0.8556,-1,-1,-1
353,-1,744.49,264.21,28.36,23.15,0.5157,-1,-1,-1
353,-1,744.49,264.11,28.46,23.16,0.4972,-1,-1,-1
354,-1,831.68,284.07,17.92,24.53,0.7452,-1,-1,-1
354,-1,733.96,265.24,27.26,22.61,0.6510,-1,-1,-1
355,-1,725.83,265.49,26.47,22.78,0.7872,-1,-1,-1
355,-1,822.38,285.12,17.03,23.15,0.6053,-1,-1,-1
356,-1,815.78,285.26,17.44,23.34,0.7885,-1,-1,-1
356,-1,719.46,266.22,27.56,22.27,0.5833,-1,-1,-1
357,-1,810.63,285.47,17.16,23.22,0.7507,-1,-1,-1
357,-1,715.92,266.44,26.14,22.18,0.7058,-1,-1,-1
358,-1,711.09,266.64,26.13,22.61,0.6562,-1,-1,-1
358,-1,805.12,286.06,17.18,23.42,0.6000,-1,-1,-1
359,-1,706.01,266.78,26.33,22.67,0.7073,-1,-1,-1
359,-1,799.77,286.27,16.99,23.95,0.2980,-1,-1,-1
360,-1,701.53,267.07,25.90,22.42,0.8066,-1,-1,-1
360,-1,794.77,286.60,16.17,23.40,0.5309,-1,-1,-1
361,-1,697.02,267.83,25.77,22.16,0.6352,-1,-1,-1
362,-1,692.71,268.00,25.61,21.96,0.7601,-1,-1,-1
363,-1,687.85,268.39,25.52,21.89,0.6607,-1,-1,-1
364,-1,684.09,268.66,24.74,21.88,0.6402,-1,-1,-1
365,-1,678.86,268.78,24.99,21.84,0.5477,-1,-1,-1
366,-1,673.51,269.02,25.85,21.88,0.6244,-1,-1,-1
367,-1,669.37,269.32,25.17,21.70,0.4932,-1,-1,-1
367,-1,669.40,269.32,25.27,21.75,0.4280,-1,-1,-1
368,-1,665.25,271.98,24.68,21.83,0.7396,-1,-1,-1
369,-1,660.46,271.12,24.75,21.87,0.8174,-1,-1,-1
370,-1,653.18,272.04,24.53,21.79,0.5741,-1,-1,-1
371,-1,647.00,271.37,24.48,21.97,0.7058,-1,-1,-1
372,-1,641.28,271.38,24.11,21.54,0.7768,-1,-1,-1
373,-1,633.19,271.60,24.11,21.56,0.5639,-1,-1,-1
374,-1,627.90,271.74,24.07,21.63,0.5443,-1,-1,-1
375,-1,623.85,272.83,23.84,21.40,0.7348,-1,-1,-1
376,-1,618.03,274.63,24.42,21.51,0.6263,-1,-1,-1
377,-1,613.32,275.73,22.80,21.58,0.6040,-1,-1,-1
377,-1,613.34,275.68,22.68,21.61,0.4044,-1,-1,-1
378,-1,607.35,275.34,23.82,21.64,0.8205,-1,-1,-1
379,-1,602.06,274.62,23.90,21.68,0.7976,-1,-1,-1
380,-1,595.80,273.82,23.74,21.58,0.7820,-1,-1,-1
381,-1,587.80,273.96,23.60,21.31,0.7872,-1,-1,-1
382,-1,582.13,274.46,23.31,21.15,0.8031,-1,-1,-1
383,-1,575.89,275.62,23.61,21.28,0.8265,-1,-1,-1
384,-1,570.26,275.90,23.40,21.41,0.6062,-1,-1,-1
385,-1,564.63,275.27,22.88,21.44,0.5493,-1,-1,-1
385,-1,564.67,275.26,22.83,21.50,0.4158,-1,-1,-1
386,-1,557.98,274.98,23.02,21.24,0.6913,-1,-1,-1
387,-1,551.21,275.05,23.13,21.29,0.6609,-1,-1,-1
388,-1,546.46,275.48,23.02,20.94,0.6858,-1,-1,-1
389,-1,542.27,277.22,22.84,21.16,0.7080,-1,-1,-1
390,-1,536.35,278.23,23.21,20.81,0.7213,-1,-1,-1
391,-1,532.51,276.35,22.69,21.07,0.5319,-1,-1,-1
391,-1,532.49,276.34,22.67,21.11,0.4442,-1,-1,-1
392,-1,526.99,275.50,23.19,21.42,0.5699,-1,-1,-1
393,-1,523.55,275.72,22.68,21.18,0.6978,-1,-1,-1
394,-1,518.96,275.74,23.26,21.17,0.5839,-1,-1,-1
394,-1,519.14,275.74,23.03,21.17,0.3758,-1,-1,-1
395,-1,515.13,276.65,22.81,21.28,0.5890,-1,-1,-1
396,-1,510.99,276.87,22.65,21.36,0.5106,-1,-1,-1
396,-1,511.01,276.87,22.62,21.38,0.4988,-1,-1,-1
397,-1,505.69,277.05,22.73,21.09,0.6800,-1,-1,-1
398,-1,501.32,275.98,22.23,21.22,0.4965,-1,-1,-1
398,-1,501.31,275.99,22.21,21.22,0.4870,-1,-1,-1
399,-1,495.08,275.73,22.91,21.40,0.6488,-1,-1,-1
400,-1,491.32,275.74,22.80,21.46,0.6937,-1,-1,-1
401,-1,486.45,275.87,22.87,21.50,0.5360,-1,-1,-1
401,-1,486.53,275.89,22.82,21.49,0.4441,-1,-1,-1
402,-1,481.13,276.39,22.22,20.97,0.7111,-1,-1,-1
403,-1,474.97,275.59,23.10,21.19,0.5495,-1,-1,-1
403,-1,475.17,275.62,22.96,21.15,0.3929,-1,-1,-1
404,-1,468.86,275.43,22.76,21.37,0.6138,-1,-1,-1
405,-1,466.32,275.66,22.97,21.33,0.8100,-1,-1,-1
406,-1,461.83,274.83,23.03,21.35,0.5972,-1,-1,-1
407,-1,454.83,275.50,22.59,20.96,0.7227,-1,-1,-1
408,-1,446.77,275.47,22.50,21.43,0.7328,-1,-1,-1
409,-1,440.09,275.66,23.39,21.32,0.6593,-1,-1,-1
410,-1,432.63,275.84,23.24,20.93,0.5609,-1,-1,-1
411,-1,428.13,275.50,22.18,21.26,0.6412,-1,-1,-1
412,-1,420.48,273.47,23.39,21.16,0.6434,-1,-1,-1
413,-1,413.57,272.76,22.95,21.43,0.7494,-1,-1,-1
414,-1,405.97,273.28,23.32,21.30,0.5785,-1,-1,-1
415,-1,398.22,274.42,23.86,21.51,0.5506,-1,-1,-1
415,-1,398.38,274.41,23.59,21.70,0.3954,-1,-1,-1
416,-1,390.84,273.50,23.53,21.45,0.6170,-1,-1,-1
417,-1,384.23,271.11,23.65,21.76,0.6793,-1,-1,-1
418,-1,379.24,271.53,23.57,21.82,0.6400,-1,-1,-1
419,-1,374.31,273.55,24.10,21.53,0.5705,-1,-1,-1
420,-1,365.71,272.28,24.20,21.86,0.4999,-1,-1,-1
420,-1,365.79,272.23,24.12,21.91,0.4710,-1,-1,-1
421,-1,358.79,269.44,23.59,21.80,0.5266,-1,-1,-1
422,-1,350.12,269.07,24.11,22.11,0.4824,-1,-1,-1
422,-1,350.10,269.07,24.14,22.09,0.4451,-1,-1,-1
423,-1,343.44,271.54,23.94,22.48,0.6200,-1,-1,-1
424,-1,337.42,272.35,24.12,22.08,0.7289,-1,-1,-1
425,-1,326.93,270.86,24.13,22.36,0.8017,-1,-1,-1
426,-1,318.85,267.42,24.88,22.30,0.7898,-1,-1,-1
427,-1,312.26,266.80,25.58,22.57,0.5963,-1,-1,-1
427,-1,312.30,266.79,25.49,22.54,0.4003,-1,-1,-1
427,-1,1007.34,64.96,16.66,23.98,0.3662,-1,-1,-1
428,-1,305.91,266.51,25.56,22.76,0.5741,-1,-1,-1
428,-1,305.86,266.53,25.59,22.74,0.4773,-1,-1,-1
429,-1,300.78,267.62,24.94,22.69,0.7488,-1,-1,-1
430,-1,291.78,270.42,25.18,22.59,0.5567,-1,-1,-1
431,-1,953.65,72.22,70.35,54.86,0.8974,-1,-1,-1
431,-1,276.78,267.41,25.56,23.25,0.7763,-1,-1,-1
432,-1,944.50,74.83,68.46,55.29,0.8871,-1,-1,-1
432,-1,267.89,263.83,26.45,23.25,0.5870,-1,-1,-1
433,-1,936.23,76.69,68.45,54.74,0.9150,-1,-1,-1
433,-1,261.75,263.86,26.44,23.12,0.5582,-1,-1,-1
434,-1,930.10,78.25,67.16,54.40,0.9161,-1,-1,-1
434,-1,258.04,265.28,26.36,23.14,0.8517,-1,-1,-1
435,-1,914.99,82.20,65.15,53.41,0.9229,-1,-1,-1
435,-1,1006.59,144.43,17.41,52.50,0.7314,-1,-1,-1
435,-1,247.20,267.42,26.68,23.43,0.6088,-1,-1,-1
435,-1,247.36,267.36,26.55,23.53,0.3261,-1,-1,-1
435,-1,1007.48,122.28,16.52,74.25,0.3095,-1,-1,-1
436,-1,903.19,84.98,64.38,54.04,0.9228,-1,-1,-1
436,-1,993.19,137.88,30.81,62.03,0.8764,-1,-1,-1
436,-1,236.59,264.31,27.07,23.42,0.4858,-1,-1,-1
436,-1,236.48,264.31,27.24,23.24,0.4432,-1,-1,-1
437,-1,898.08,85.63,64.03,54.25,0.9322,-1,-1,-1
437,-1,987.38,138.19,36.21,62.82,0.8210,-1,-1,-1
437,-1,232.03,262.22,27.16,23.94,0.8150,-1,-1,-1
438,-1,884.27,88.96,62.49,52.64,0.9209,-1,-1,-1
438,-1,972.08,141.85,37.28,60.79,0.8945,-1,-1,-1
438,-1,220.68,266.03,28.34,23.38,0.7722,-1,-1,-1
439,-1,870.88,92.38,60.58,53.14,0.9244,-1,-1,-1
439,-1,956.66,145.11,35.26,60.74,0.8954,-1,-1,-1
439,-1,207.73,263.12,28.43,24.04,0.5516,-1,-1,-1
439,-1,207.77,263.07,28.43,23.99,0.5102,-1,-1,-1
440,-1,866.92,92.81,60.24,52.46,0.9280,-1,-1,-1
440,-1,951.83,145.80,35.49,60.77,0.8861,-1,-1,-1
440,-1,203.03,260.32,28.60,24.39,0.5904,-1,-1,-1
441,-1,853.69,95.92,59.55,52.17,0.9364,-1,-1,-1
441,-1,938.09,148.15,35.16,59.55,0.8893,-1,-1,-1
441,-1,192.44,263.76,29.49,23.94,0.6783,-1,-1,-1
441,-1,1004.25,112.28,19.75,62.16,0.3227,-1,-1,-1
442,-1,841.47,99.01,57.79,51.58,0.9190,-1,-1,-1
442,-1,923.05,151.64,34.46,58.89,0.8810,-1,-1,-1
442,-1,179.69,261.05,29.24,24.69,0.8810,-1,-1,-1
442,-1,988.84,107.68,35.16,69.18,0.7776,-1,-1,-1
442,-1,1015.77,254.82,8.23,31.45,0.3186,-1,-1,-1
443,-1,835.68,99.79,57.48,51.02,0.9277,-1,-1,-1
443,-1,916.61,152.87,34.47,58.68,0.8866,-1,-1,-1
443,-1,980.67,105.67,43.33,71.92,0.8655,-1,-1,-1
443,-1,172.71,258.45,29.26,24.69,0.6497,-1,-1,-1
443,-1,1006.97,254.95,17.03,33.43,0.5551,-1,-1,-1
444,-1,828.20,101.68,56.39,51.57,0.9211,-1,-1,-1
444,-1,971.49,101.64,52.51,77.85,0.9022,-1,-1,-1
444,-1,908.66,153.88,33.63,57.72,0.8944,-1,-1,-1
444,-1,998.63,256.03,25.37,33.42,0.7985,-1,-1,-1
444,-1,165.12,259.14,30.01,25.14,0.6620,-1,-1,-1
445,-1,815.94,104.38,56.35,50.62,0.9330,-1,-1,-1
445,-1,957.89,97.86,66.11,83.60,0.9140,-1,-1,-1
445,-1,983.33,256.45,40.67,33.58,0.9122,-1,-1,-1
445,-1,895.75,157.15,32.75,57.43,0.8766,-1,-1,-1
445,-1,153.25,259.19,30.07,25.35,0.4983,-1,-1,-1
445,-1,153.24,259.22,29.99,25.36,0.4512,-1,-1,-1
446,-1,943.40,105.07,80.60,79.30,0.9340,-1,-1,-1
446,-1,805.82,105.96,54.24,51.24,0.9182,-1,-1,-1
446,-1,969.04,258.61,43.01,33.11,0.9001,-1,-1,-1
446,-1,883.62,159.42,30.88,55.63,0.8806,-1,-1,-1
446,-1,139.53,255.96,31.14,25.43,0.5125,-1,-1,-1
446,-1,139.74,255.91,30.99,25.45,0.4686,-1,-1,-1
447,-1,934.51,107.51,89.49,78.05,0.9463,-1,-1,-1
447,-1,959.41,259.94,42.50,32.21,0.9262,-1,-1,-1
447,-1,798.02,107.50,54.39,50.69,0.9199,-1,-1,-1
447,-1,875.47,160.41,31.58,55.99,0.8951,-1,-1,-1
447,-1,131.03,255.55,31.72,25.38,0.4746,-1,-1,-1
447,-1,131.07,255.49,31.68,25.35,0.4713,-1,-1,-1
448,-1,920.36,110.05,98.34,77.57,0.9447,-1,-1,-1
448,-1,786.14,110.14,52.87,49.59,0.9236,-1,-1,-1
448,-1,945.02,261.30,40.58,31.97,0.9227,-1,-1,-1
448,-1,862.55,163.36,28.87,55.26,0.8892,-1,-1,-1
448,-1,117.47,255.16,31.88,26.33,0.6633,-1,-1,-1
449,-1,906.77,113.65,96.37,76.37,0.9405,-1,-1,-1
449,-1,774.83,111.90,52.37,50.31,0.9115,-1,-1,-1
449,-1,850.13,165.87,28.74,53.44,0.8770,-1,-1,-1
449,-1,930.28,262.60,40.38,31.86,0.8411,-1,-1,-1
449,-1,102.37,253.19,33.52,25.97,0.7237,-1,-1,-1
449,-1,930.25,262.64,40.30,31.90,0.3179,-1,-1,-1
450,-1,895.57,116.59,93.55,75.36,0.9379,-1,-1,-1
450,-1,918.91,264.06,38.80,31.54,0.9155,-1,-1,-1
450,-1,765.36,114.01,51.80,49.68,0.9087,-1,-1,-1
450,-1,839.56,167.36,29.79,54.35,0.8828,-1,-1,-1
450,-1,90.41,252.65,33.76,26.42,0.8095,-1,-1,-1
450,-1,204.46,289.40,16.88,24.78,0.4269,-1,-1,-1
451,-1,882.41,120.16,91.70,73.98,0.9390,-1,-1,-1
451,-1,754.59,115.94,50.62,49.20,0.9274,-1,-1,-1
451,-1,905.22,265.65,38.35,31.13,0.9150,-1,-1,-1
451,-1,827.90,169.17,29.60,53.45,0.8915,-1,-1,-1
451,-1,75.92,250.26,34.33,27.28,0.7969,-1,-1,-1
451,-1,192.41,288.65,17.16,24.68,0.4322,-1,-1,-1
452,-1,870.65,128.40,90.95,72.05,0.9436,-1,-1,-1
452,-1,745.91,121.30,50.08,49.48,0.9176,-1,-1,-1
452,-1,892.53,271.53,37.54,31.02,0.9163,-1,-1,-1
452,-1,818.32,175.22,28.63,51.69,0.8911,-1,-1,-1
452,-1,63.82,245.61,34.79,27.31,0.7394,-1,-1,-1
452,-1,182.02,285.02,17.01,25.19,0.6795,-1,-1,-1
452,-1,63.68,245.65,34.75,27.32,0.3813,-1,-1,-1
453,-1,865.29,130.54,90.52,71.73,0.9401,-1,-1,-1
453,-1,740.70,122.98,49.62,49.22,0.9153,-1,-1,-1
453,-1,886.31,273.79,37.11,30.80,0.9131,-1,-1,-1
453,-1,813.13,177.08,29.29,53.00,0.8952,-1,-1,-1
453,-1,56.79,243.41,35.47,27.75,0.8682,-1,-1,-1
453,-1,176.38,283.79,17.18,25.07,0.7122,-1,-1,-1
454,-1,856.66,124.17,89.18,72.42,0.9428,-1,-1,-1
454,-1,878.39,267.59,37.24,30.52,0.9253,-1,-1,-1
454,-1,731.35,118.77,49.43,48.91,0.9212,-1,-1,-1
454,-1,805.75,172.99,25.33,52.09,0.8836,-1,-1,-1
454,-1,169.47,287.86,17.22,24.96,0.6718,-1,-1,-1
454,-1,48.69,249.23,35.31,27.39,0.6496,-1,-1,-1
454,-1,48.78,249.26,35.09,27.37,0.6315,-1,-1,-1
455,-1,851.48,123.32,88.25,72.27,0.9371,-1,-1,-1
455,-1,725.01,117.89,49.28,49.08,0.9254,-1,-1,-1
455,-1,872.38,266.49,37.23,30.86,0.9200,-1,-1,-1
455,-1,800.47,171.23,27.40,52.15,0.8856,-1,-1,-1
455,-1,42.36,249.88,35.60,27.42,0.6725,-1,-1,-1
455,-1,164.17,288.64,17.33,25.19,0.6651,-1,-1,-1
455,-1,42.41,249.89,35.56,27.58,0.5529,-1,-1,-1
456,-1,846.84,123.63,87.43,72.18,0.9412,-1,-1,-1
456,-1,719.55,118.10,49.64,48.55,0.9157,-1,-1,-1
456,-1,867.22,266.72,37.08,30.64,0.9146,-1,-1,-1
456,-1,796.27,171.46,26.19,52.42,0.8653,-1,-1,-1
456,-1,159.41,288.28,17.65,25.46,0.7801,-1,-1,-1
456,-1,36.52,249.74,35.45,27.36,0.7786,-1,-1,-1
457,-1,842.13,123.83,86.98,71.96,0.9407,-1,-1,-1
457,-1,862.16,267.14,36.46,30.85,0.9224,-1,-1,-1
457,-1,715.63,118.11,48.31,49.11,0.8902,-1,-1,-1
457,-1,792.19,172.45,25.29,51.91,0.8790,-1,-1,-1
457,-1,31.19,249.27,35.83,27.74,0.7781,-1,-1,-1
457,-1,154.72,288.24,17.71,25.24,0.7740,-1,-1,-1
457,-1,31.27,249.29,35.70,27.80,0.5999,-1,-1,-1
458,-1,837.10,124.12,86.96,72.17,0.9372,-1,-1,-1
458,-1,856.59,267.34,37.01,30.33,0.9291,-1,-1,-1
458,-1,710.36,118.19,48.41,48.71,0.9198,-1,-1,-1
458,-1,787.73,173.08,24.21,51.58,0.8741,-1,-1,-1
458,-1,150.12,288.10,17.38,25.07,0.7208,-1,-1,-1
458,-1,25.64,249.39,35.99,27.38,0.6428,-1,-1,-1
458,-1,25.62,249.34,35.93,27.55,0.6227,-1,-1,-1
459,-1,832.15,124.56,86.38,72.18,0.9395,-1,-1,-1
459,-1,851.54,267.95,36.71,30.61,0.9189,-1,-1,-1
459,-1,705.77,118.41,48.01,49.02,0.9141,-1,-1,-1
459,-1,783.97,173.30,24.93,51.64,0.8791,-1,-1,-1
459,-1,145.34,287.73,17.48,25.10,0.8078,-1,-1,-1
459,-1,20.29,249.15,35.32,27.33,0.6771,-1,-1,-1
459,-1,20.30,249.10,35.48,27.39,0.6346,-1,-1,-1
460,-1,828.03,124.94,85.24,71.98,0.9377,-1,-1,-1
460,-1,846.43,268.29,36.69,30.26,0.9215,-1,-1,-1
460,-1,700.97,118.84,47.93,49.14,0.8940,-1,-1,-1
460,-1,779.44,173.38,24.93,52.09,0.8745,-1,-1,-1
460,-1,14.83,248.26,36.04,27.85,0.8612,-1,-1,-1
460,-1,140.62,287.52,17.33,25.16,0.7385,-1,-1,-1
461,-1,823.30,125.31,85.19,71.97,0.9367,-1,-1,-1
461,-1,840.77,268.69,37.08,30.95,0.9185,-1,-1,-1
461,-1,696.01,119.14,47.58,49.70,0.8860,-1,-1,-1
461,-1,775.69,174.19,24.21,51.84,0.8812,-1,-1,-1
461,-1,135.91,287.00,17.49,24.82,0.8131,-1,-1,-1
461,-1,9.65,247.08,35.92,28.27,0.7765,-1,-1,-1
462,-1,818.60,126.07,84.34,71.79,0.9359,-1,-1,-1
462,-1,835.80,269.00,36.78,30.73,0.9181,-1,-1,-1
462,-1,691.05,119.33,47.62,50.94,0.9014,-1,-1,-1
462,-1,771.29,173.27,25.12,53.09,0.8783,-1,-1,-1
462,-1,131.42,286.49,17.54,25.56,0.7596,-1,-1,-1
462,-1,5.04,246.33,34.43,28.64,0.5973,-1,-1,-1
462,-1,5.19,246.46,34.51,28.37,0.4610,-1,-1,-1
463,-1,813.88,126.33,84.88,71.53,0.9358,-1,-1,-1
463,-1,830.61,269.68,36.58,30.29,0.9139,-1,-1,-1
463,-1,767.50,174.22,25.06,51.90,0.8748,-1,-1,-1
463,-1,689.69,119.36,44.16,49.80,0.8298,-1,-1,-1
463,-1,126.79,285.86,17.30,25.27,0.7803,-1,-1,-1
463,-1,0.00,245.74,34.94,28.28,0.7183,-1,-1,-1
464,-1,809.57,126.78,84.85,71.22,0.9379,-1,-1,-1
464,-1,825.16,269.86,36.70,30.77,0.9124,-1,-1,-1
464,-1,763.00,174.73,24.65,51.54,0.8852,-1,-1,-1
464,-1,688.18,120.04,40.90,49.65,0.8294,-1,-1,-1
464,-1,122.19,285.58,17.31,24.43,0.8146,-1,-1,-1
464,-1,0.00,245.34,29.92,28.21,0.8062,-1,-1,-1
465,-1,804.17,127.30,84.23,71.40,0.9313,-1,-1,-1
465,-1,820.01,269.85,36.74,30.77,0.9162,-1,-1,-1
465,-1,677.23,120.06,46.76,51.25,0.9070,-1,-1,-1
465,-1,759.08,174.47,23.97,52.65,0.8751,-1,-1,-1
465,-1,117.19,285.43,17.53,24.77,0.8364,-1,-1,-1
465,-1,0.03,244.85,23.86,28.31,0.8090,-1,-1,-1
466,-1,799.41,127.36,83.29,71.63,0.9380,-1,-1,-1
466,-1,814.82,270.48,37.02,30.46,0.9197,-1,-1,-1
466,-1,672.77,120.27,46.85,50.77,0.8866,-1,-1,-1
466,-1,754.43,174.77,24.27,52.33,0.8809,-1,-1,-1
466,-1,112.74,285.09,17.49,24.72,0.7994,-1,-1,-1
466,-1,0.00,247.30,18.84,25.40,0.6191,-1,-1,-1
466,-1,894.42,154.50,24.09,13.12,0.2579,-1,-1,-1
467,-1,794.52,127.69,82.58,71.46,0.9424,-1,-1,-1
467,-1,809.20,270.60,36.77,30.36,0.9119,-1,-1,-1
467,-1,750.25,174.95,24.36,52.67,0.8752,-1,-1,-1
467,-1,669.59,120.33,43.99,50.69,0.8612,-1,-1,-1
467,-1,108.12,284.79,17.32,25.14,0.8344,-1,-1,-1
467,-1,0.01,246.49,13.67,26.76,0.4367,-1,-1,-1
468,-1,789.65,127.78,82.57,71.51,0.9366,-1,-1,-1
468,-1,804.09,270.45,36.79,30.80,0.9120,-1,-1,-1
468,-1,745.79,174.67,23.86,52.87,0.8805,-1,-1,-1
468,-1,103.18,284.75,17.83,25.64,0.8479,-1,-1,-1
468,-1,665.86,120.42,41.96,49.60,0.8242,-1,-1,-1
468,-1,0.00,247.87,8.11,27.28,0.4535,-1,-1,-1
469,-1,785.25,127.68,81.66,71.55,0.9384,-1,-1,-1
469,-1,798.66,270.40,37.09,30.91,0.9137,-1,-1,-1
469,-1,741.25,174.35,24.42,53.13,0.8797,-1,-1,-1
469,-1,98.14,284.73,17.85,24.94,0.8615,-1,-1,-1
469,-1,665.18,120.26,37.26,50.36,0.8427,-1,-1,-1
470,-1,780.20,127.45,81.08,71.71,0.9395,-1,-1,-1
470,-1,793.02,270.19,37.13,30.86,0.9119,-1,-1,-1
470,-1,657.72,120.16,39.01,49.64,0.8744,-1,-1,-1
470,-1,736.91,174.82,24.14,52.76,0.8666,-1,-1,-1
470,-1,93.30,284.87,17.54,24.64,0.8576,-1,-1,-1
471,-1,774.88,127.34,80.84,71.52,0.9390,-1,-1,-1
471,-1,788.34,269.96,36.21,30.93,0.9155,-1,-1,-1
471,-1,645.55,120.27,45.65,50.01,0.8909,-1,-1,-1
471,-1,732.53,174.58,22.82,52.71,0.8799,-1,-1,-1
471,-1,88.25,285.20,17.90,24.63,0.8486,-1,-1,-1
472,-1,770.30,126.95,79.59,71.64,0.9359,-1,-1,-1
472,-1,782.52,269.80,36.36,30.83,0.9125,-1,-1,-1
472,-1,647.60,119.99,38.26,50.46,0.8736,-1,-1,-1
472,-1,727.84,175.00,22.01,51.97,0.8644,-1,-1,-1
472,-1,83.71,285.36,17.43,25.13,0.8173,-1,-1,-1
473,-1,764.76,126.52,79.48,71.44,0.9374,-1,-1,-1
473,-1,776.82,269.48,36.43,30.73,0.9097,-1,-1,-1
473,-1,642.27,119.77,37.79,49.35,0.8774,-1,-1,-1
473,-1,723.19,173.98,22.56,52.61,0.8770,-1,-1,-1
473,-1,78.52,285.90,17.93,24.46,0.8660,-1,-1,-1
474,-1,759.58,126.40,78.80,71.17,0.9400,-1,-1,-1
474,-1,771.23,268.97,36.38,30.94,0.9170,-1,-1,-1
474,-1,638.39,119.65,36.26,49.84,0.8873,-1,-1,-1
474,-1,73.43,286.18,17.99,24.37,0.8723,-1,-1,-1
474,-1,718.78,173.38,19.49,53.24,0.7734,-1,-1,-1
475,-1,754.42,125.72,78.16,71.40,0.9332,-1,-1,-1
475,-1,765.99,268.66,36.24,30.58,0.9126,-1,-1,-1
475,-1,629.92,119.16,38.86,49.99,0.8774,-1,-1,-1
475,-1,713.86,173.78,21.43,52.76,0.8609,-1,-1,-1
475,-1,68.37,286.98,17.95,24.69,0.8595,-1,-1,-1
476,-1,749.08,125.39,77.70,71.94,0.9357,-1,-1,-1
476,-1,759.78,268.42,36.61,30.44,0.9203,-1,-1,-1
476,-1,626.41,119.29,36.69,48.94,0.8931,-1,-1,-1
476,-1,63.35,287.35,18.20,24.15,0.8647,-1,-1,-1
476,-1,709.38,173.07,20.69,53.22,0.8421,-1,-1,-1
477,-1,744.15,125.01,76.56,71.80,0.9409,-1,-1,-1
477,-1,754.36,267.98,36.26,30.49,0.9166,-1,-1,-1
477,-1,618.66,118.93,38.63,49.62,0.8934,-1,-1,-1
477,-1,58.38,287.88,18.49,24.65,0.8590,-1,-1,-1
477,-1,704.59,172.57,19.85,52.95,0.7749,-1,-1,-1
478,-1,738.60,124.93,76.12,71.47,0.9360,-1,-1,-1
478,-1,748.93,267.75,36.16,30.76,0.9128,-1,-1,-1
478,-1,616.05,118.91,35.79,48.89,0.9004,-1,-1,-1
478,-1,53.48,288.29,18.23,24.68,0.8378,-1,-1,-1
478,-1,699.86,172.10,20.56,53.63,0.8281,-1,-1,-1
479,-1,733.24,124.50,76.32,71.78,0.9361,-1,-1,-1
479,-1,742.83,267.58,37.28,30.44,0.9181,-1,-1,-1
479,-1,608.90,118.80,37.13,48.99,0.9096,-1,-1,-1
479,-1,695.39,172.73,19.63,52.63,0.8438,-1,-1,-1
479,-1,48.39,288.88,18.70,24.63,0.8416,-1,-1,-1
480,-1,728.49,124.41,75.25,71.87,0.9355,-1,-1,-1
480,-1,737.40,267.49,36.80,30.42,0.9199,-1,-1,-1
480,-1,603.17,118.82,37.07,49.38,0.8989,-1,-1,-1
480,-1,43.32,289.13,18.53,24.43,0.8386,-1,-1,-1
480,-1,691.17,171.90,20.26,53.22,0.8238,-1,-1,-1
481,-1,723.42,124.18,74.65,71.67,0.9356,-1,-1,-1
481,-1,732.19,267.27,36.74,30.82,0.9149,-1,-1,-1
481,-1,599.09,118.52,36.06,49.40,0.9037,-1,-1,-1
481,-1,38.74,289.41,18.42,23.94,0.8458,-1,-1,-1
481,-1,686.31,172.00,19.63,52.52,0.8314,-1,-1,-1
482,-1,718.12,124.30,74.91,71.79,0.9343,-1,-1,-1
482,-1,726.49,267.28,37.39,30.63,0.9257,-1,-1,-1
482,-1,593.51,118.67,36.20,49.42,0.9082,-1,-1,-1
482,-1,33.87,289.16,18.62,24.04,0.8393,-1,-1,-1
482,-1,681.92,171.30,18.51,53.41,0.8350,-1,-1,-1
483,-1,713.50,124.48,73.62,71.67,0.9331,-1,-1,-1
483,-1,721.06,267.51,37.20,30.23,0.9183,-1,-1,-1
483,-1,588.13,118.67,36.12,50.24,0.9001,-1,-1,-1
483,-1,28.87,289.26,19.05,23.85,0.8500,-1,-1,-1
483,-1,677.58,172.24,19.08,51.85,0.8298,-1,-1,-1
484,-1,708.72,124.52,72.43,72.18,0.9347,-1,-1,-1
484,-1,715.55,267.49,37.20,30.69,0.9168,-1,-1,-1
484,-1,583.09,118.60,36.22,48.87,0.9031,-1,-1,-1
484,-1,24.18,288.88,18.97,24.57,0.8591,-1,-1,-1
484,-1,672.99,172.79,17.82,52.86,0.7326,-1,-1,-1
485,-1,704.32,124.62,70.61,72.29,0.9331,-1,-1,-1
485,-1,710.18,267.70,37.41,30.64,0.9184,-1,-1,-1
485,-1,577.68,118.58,36.22,49.83,0.9123,-1,-1,-1
485,-1,19.62,288.48,18.66,24.74,0.8450,-1,-1,-1
485,-1,668.52,174.50,17.61,51.48,0.6664,-1,-1,-1
486,-1,699.07,124.92,70.52,73.07,0.9305,-1,-1,-1
486,-1,705.04,267.99,37.31,30.33,0.9196,-1,-1,-1
486,-1,572.26,118.74,36.53,50.61,0.9005,-1,-1,-1
486,-1,14.63,288.13,18.96,24.69,0.8610,-1,-1,-1
486,-1,664.18,173.76,17.37,52.39,0.7679,-1,-1,-1
487,-1,694.28,125.07,68.93,74.29,0.9317,-1,-1,-1
487,-1,699.58,268.08,37.14,30.58,0.9166,-1,-1,-1
487,-1,567.27,118.83,36.60,49.67,0.9036,-1,-1,-1
487,-1,10.40,287.77,18.63,24.77,0.8523,-1,-1,-1
487,-1,660.00,174.17,16.17,51.69,0.5220,-1,-1,-1
488,-1,689.51,125.47,67.85,75.03,0.9298,-1,-1,-1
488,-1,694.21,268.52,37.88,30.22,0.9199,-1,-1,-1
488,-1,561.92,118.85,36.85,50.85,0.9069,-1,-1,-1
488,-1,5.39,287.33,19.05,24.73,0.8502,-1,-1,-1
488,-1,656.07,174.15,16.22,52.45,0.5421,-1,-1,-1
489,-1,684.88,125.98,67.55,73.47,0.9281,-1,-1,-1
489,-1,689.09,268.72,37.75,30.64,0.9177,-1,-1,-1
489,-1,556.86,119.13,37.35,50.14,0.9077,-1,-1,-1
489,-1,0.09,286.82,19.88,24.78,0.8597,-1,-1,-1
489,-1,652.18,174.82,14.76,52.04,0.3559,-1,-1,-1
490,-1,680.24,126.04,66.20,73.23,0.9256,-1,-1,-1
490,-1,683.72,268.97,37.59,30.42,0.9182,-1,-1,-1
490,-1,552.26,119.25,36.66,49.45,0.9060,-1,-1,-1
490,-1,0.00,285.51,15.00,24.73,0.8213,-1,-1,-1
490,-1,647.70,174.81,15.28,52.43,0.3912,-1,-1,-1
491,-1,678.45,269.53,38.21,30.15,0.9271,-1,-1,-1
491,-1,675.72,126.86,64.82,71.90,0.9263,-1,-1,-1
491,-1,546.76,119.39,37.09,50.43,0.9057,-1,-1,-1
491,-1,0.00,281.73,10.81,27.98,0.6684,-1,-1,-1
492,-1,670.79,127.17,63.17,71.96,0.9221,-1,-1,-1
492,-1,673.15,269.56,38.22,30.34,0.9192,-1,-1,-1
492,-1,541.11,119.25,37.99,50.13,0.9024,-1,-1,-1
492,-1,0.52,281.50,82.02,52.87,0.7013,-1,-1,-1
493,-1,666.24,127.27,61.60,70.95,0.9223,-1,-1,-1
493,-1,668.02,269.78,38.03,30.55,0.9177,-1,-1,-1
493,-1,536.62,119.42,37.42,50.90,0.9019,-1,-1,-1
493,-1,0.12,267.85,82.47,66.18,0.8352,-1,-1,-1
494,-1,661.26,127.48,61.15,70.75,0.9203,-1,-1,-1
494,-1,662.39,269.98,38.88,30.40,0.9138,-1,-1,-1
494,-1,531.46,119.44,37.61,52.56,0.8988,-1,-1,-1
495,-1,656.87,270.15,38.78,30.11,0.9207,-1,-1,-1
495,-1,656.60,127.61,62.08,70.54,0.9025,-1,-1,-1
495,-1,525.76,119.52,38.22,51.53,0.9011,-1,-1,-1
496,-1,651.45,270.04,39.12,30.30,0.9188,-1,-1,-1
496,-1,651.72,127.59,60.26,70.88,0.8975,-1,-1,-1
496,-1,520.73,119.33,39.28,53.34,0.8963,-1,-1,-1
497,-1,646.60,127.61,67.34,70.81,0.9171,-1,-1,-1
497,-1,646.04,270.03,39.44,30.42,0.9146,-1,-1,-1
497,-1,514.75,119.36,39.82,52.90,0.8959,-1,-1,-1
498,-1,641.62,127.59,67.03,70.41,0.9272,-1,-1,-1
498,-1,640.34,269.92,39.20,30.24,0.9237,-1,-1,-1
498,-1,509.34,119.67,39.16,50.43,0.8978,-1,-1,-1
499,-1,636.45,127.28,66.25,70.81,0.9260,-1,-1,-1
499,-1,635.05,269.60,39.06,30.36,0.9204,-1,-1,-1
499,-1,503.67,119.47,38.79,51.30,0.9012,-1,-1,-1
500,-1,631.38,126.95,65.74,71.05,0.9290,-1,-1,-1
500,-1,629.71,269.56,39.42,30.07,0.9158,-1,-1,-1
500,-1,497.92,119.40,38.70,53.14,0.8897,-1,-1,-1
501,-1,625.99,127.05,65.50,70.69,0.9243,-1,-1,-1
501,-1,623.69,269.49,39.34,30.32,0.9241,-1,-1,-1
501,-1,492.68,119.28,37.99,51.78,0.8965,-1,-1,-1
502,-1,618.12,269.22,39.31,30.28,0.9220,-1,-1,-1
502,-1,620.87,126.90,64.37,70.66,0.9217,-1,-1,-1
502,-1,486.41,119.52,39.21,50.76,0.9018,-1,-1,-1
503,-1,615.68,124.60,64.85,72.74,0.9286,-1,-1,-1
503,-1,612.59,269.16,39.43,30.37,0.9176,-1,-1,-1
503,-1,480.73,119.26,40.01,52.47,0.8920,-1,-1,-1
504,-1,609.89,123.48,65.36,74.05,0.9247,-1,-1,-1
504,-1,606.40,268.99,40.47,29.88,0.9235,-1,-1,-1
504,-1,474.50,119.26,40.02,51.53,0.8935,-1,-1,-1
505,-1,604.89,123.62,64.72,73.68,0.9284,-1,-1,-1
505,-1,601.08,268.90,39.69,29.77,0.9195,-1,-1,-1
505,-1,469.16,119.54,38.94,50.64,0.9019,-1,-1,-1
506,-1,600.00,123.85,64.38,73.40,0.9329,-1,-1,-1
506,-1,595.83,268.66,39.52,29.97,0.9241,-1,-1,-1
506,-1,463.08,119.19,39.83,52.86,0.8971,-1,-1,-1
507,-1,594.33,124.03,64.02,73.12,0.9291,-1,-1,-1
507,-1,590.47,268.77,40.29,29.86,0.9235,-1,-1,-1
507,-1,457.58,119.40,39.70,49.51,0.9031,-1,-1,-1
508,-1,589.44,124.20,63.75,72.91,0.9300,-1,-1,-1
508,-1,585.16,268.54,39.41,30.07,0.9192,-1,-1,-1
508,-1,452.15,119.47,40.10,50.68,0.9046,-1,-1,-1
509,-1,584.57,124.21,63.07,72.75,0.9294,-1,-1,-1
509,-1,579.34,268.43,39.81,29.71,0.9239,-1,-1,-1
509,-1,446.74,119.23,40.13,52.44,0.9011,-1,-1,-1
510,-1,579.23,124.45,62.55,72.70,0.9276,-1,-1,-1
510,-1,573.89,268.65,40.52,29.76,0.9190,-1,-1,-1
510,-1,441.30,119.33,40.33,49.96,0.9018,-1,-1,-1
511,-1,574.02,124.05,63.20,73.18,0.9301,-1,-1,-1
511,-1,568.44,268.54,40.31,30.03,0.9180,-1,-1,-1
511,-1,435.83,119.72,40.96,49.62,0.9085,-1,-1,-1
512,-1,569.40,124.70,62.24,72.61,0.9303,-1,-1,-1
512,-1,562.55,268.55,41.11,29.84,0.9190,-1,-1,-1
512,-1,430.76,119.22,40.62,53.10,0.9007,-1,-1,-1
513,-1,565.31,125.08,60.62,72.15,0.9267,-1,-1,-1
513,-1,557.22,268.59,41.74,30.30,0.9224,-1,-1,-1
513,-1,425.76,119.06,40.40,51.96,0.9031,-1,-1,-1
514,-1,560.30,125.21,60.87,72.07,0.9298,-1,-1,-1
514,-1,552.27,268.81,41.33,29.90,0.9146,-1,-1,-1
514,-1,420.80,119.08,40.62,50.15,0.9008,-1,-1,-1
515,-1,555.88,125.47,60.02,72.02,0.9238,-1,-1,-1
515,-1,546.37,268.73,41.82,29.92,0.9195,-1,-1,-1
515,-1,415.60,119.10,40.69,53.17,0.8975,-1,-1,-1
516,-1,551.05,125.62,60.20,71.91,0.9270,-1,-1,-1
516,-1,541.40,268.77,42.35,30.42,0.9229,-1,-1,-1
516,-1,410.31,119.02,40.50,51.13,0.9066,-1,-1,-1
517,-1,546.01,125.78,59.87,71.75,0.9265,-1,-1,-1
517,-1,536.12,268.76,41.85,30.24,0.9167,-1,-1,-1
517,-1,405.18,118.88,41.13,51.59,0.9074,-1,-1,-1
518,-1,541.19,125.89,60.03,71.86,0.9257,-1,-1,-1
518,-1,530.44,268.79,42.60,30.09,0.9205,-1,-1,-1
518,-1,399.53,118.93,42.08,50.80,0.9067,-1,-1,-1
519,-1,525.34,269.12,42.53,30.13,0.9223,-1,-1,-1
519,-1,537.40,126.14,58.99,71.86,0.9219,-1,-1,-1
519,-1,394.73,119.02,41.99,51.12,0.9075,-1,-1,-1
520,-1,532.51,126.17,58.76,71.77,0.9211,-1,-1,-1
520,-1,519.93,268.85,43.01,30.20,0.9185,-1,-1,-1
520,-1,390.45,118.86,41.51,50.07,0.9061,-1,-1,-1
521,-1,528.35,126.04,57.59,72.06,0.9255,-1,-1,-1
521,-1,514.40,268.94,43.31,30.28,0.9196,-1,-1,-1
521,-1,385.59,118.84,40.85,49.83,0.9087,-1,-1,-1
522,-1,522.60,126.27,58.40,71.78,0.9192,-1,-1,-1
522,-1,509.23,269.07,44.54,30.26,0.9175,-1,-1,-1
522,-1,380.05,118.79,41.55,51.03,0.8982,-1,-1,-1
523,-1,503.69,268.91,43.81,30.53,0.9193,-1,-1,-1
523,-1,518.34,126.28,57.48,71.52,0.9186,-1,-1,-1
523,-1,375.27,119.04,41.24,53.13,0.8898,-1,-1,-1
524,-1,513.46,126.08,56.92,71.99,0.9237,-1,-1,-1
524,-1,498.10,268.85,44.22,30.73,0.9165,-1,-1,-1
524,-1,370.32,119.00,40.56,50.29,0.9102,-1,-1,-1
525,-1,508.77,126.10,56.17,71.92,0.9173,-1,-1,-1
525,-1,492.35,269.03,45.25,30.36,0.9143,-1,-1,-1
525,-1,364.57,118.90,40.83,51.23,0.9047,-1,-1,-1
526,-1,486.78,268.97,44.62,30.45,0.9185,-1,-1,-1
526,-1,501.77,125.79,57.63,72.33,0.9151,-1,-1,-1
526,-1,359.06,118.68,40.89,51.85,0.8971,-1,-1,-1
527,-1,499.36,125.84,54.44,72.04,0.9205,-1,-1,-1
527,-1,481.03,268.63,45.00,30.77,0.9176,-1,-1,-1
527,-1,354.37,118.90,40.20,50.75,0.9031,-1,-1,-1
528,-1,475.16,269.02,46.41,30.20,0.9168,-1,-1,-1
528,-1,493.75,125.92,54.92,72.23,0.9168,-1,-1,-1
528,-1,348.62,119.11,40.33,52.82,0.9001,-1,-1,-1
529,-1,469.61,268.72,46.15,30.65,0.9190,-1,-1,-1
529,-1,485.00,125.66,57.48,72.02,0.9188,-1,-1,-1
529,-1,343.38,119.21,40.40,55.17,0.8938,-1,-1,-1
530,-1,478.83,125.78,58.39,72.48,0.9252,-1,-1,-1
530,-1,463.69,268.70,46.86,30.39,0.9172,-1,-1,-1
530,-1,337.80,119.18,39.91,54.57,0.8798,-1,-1,-1
531,-1,457.95,268.90,46.98,30.08,0.9222,-1,-1,-1
531,-1,476.84,125.57,54.98,72.26,0.9130,-1,-1,-1
531,-1,331.40,119.15,42.08,56.08,0.8610,-1,-1,-1
532,-1,451.83,268.72,47.58,30.54,0.9192,-1,-1,-1
532,-1,469.43,125.45,56.10,72.22,0.9188,-1,-1,-1
532,-1,326.24,119.68,41.12,55.13,0.8803,-1,-1,-1
533,-1,465.17,125.55,55.66,72.31,0.9226,-1,-1,-1
533,-1,446.12,268.78,47.80,30.51,0.9171,-1,-1,-1
533,-1,320.65,119.86,40.09,51.22,0.8851,-1,-1,-1
534,-1,440.31,268.65,48.75,30.67,0.9203,-1,-1,-1
534,-1,459.62,125.24,55.42,72.54,0.9134,-1,-1,-1
534,-1,315.19,119.69,40.60,54.05,0.8826,-1,-1,-1
535,-1,434.43,268.74,49.25,30.48,0.9207,-1,-1,-1
535,-1,456.77,125.52,53.25,72.50,0.9139,-1,-1,-1
535,-1,309.40,120.15,40.33,52.46,0.8949,-1,-1,-1
536,-1,447.51,125.35,57.00,72.39,0.9272,-1,-1,-1
536,-1,428.81,268.73,49.66,30.54,0.9203,-1,-1,-1
536,-1,303.80,120.43,40.81,53.91,0.8901,-1,-1,-1
537,-1,422.95,271.40,49.82,30.45,0.9197,-1,-1,-1
537,-1,439.77,126.83,55.05,74.42,0.9155,-1,-1,-1
537,-1,293.63,126.48,42.61,52.01,0.9033,-1,-1,-1
538,-1,433.66,127.77,55.56,74.44,0.9281,-1,-1,-1
538,-1,419.37,272.77,50.34,30.62,0.9198,-1,-1,-1
538,-1,287.71,130.77,42.10,51.67,0.9107,-1,-1,-1
539,-1,433.12,127.72,55.66,74.23,0.9291,-1,-1,-1
539,-1,418.85,272.72,50.32,30.87,0.9199,-1,-1,-1
539,-1,287.12,130.99,42.83,51.75,0.9143,-1,-1,-1
540,-1,437.36,126.95,56.04,74.11,0.9238,-1,-1,-1
540,-1,421.52,271.66,50.04,30.46,0.9231,-1,-1,-1
540,-1,291.81,127.48,42.45,52.91,0.8824,-1,-1,-1
